Time: ISBN: Retail-Price: Lowest-New-Price: Lowest-Used-Price: Sales-Rank
2016/03/05:11:56:19 0071819800 8189 5475 1500 166400
2016/03/05:12:20:38 0071819800 8189 5475 1500 166400
2016/03/05:12:40:52 0071819800 8189 5475 1500 166400
2016/03/05:12:56:41 0071819800 8189 5475 1500 169130
2016/03/05:17:42:32 0071819800 8189 5475 1500 178467
2016/03/05:19:31:58 0071819800 8189 5475 1500 178512
2016/03/05:20:20:59 0071819800 8189 5475 1500 186413
2016/03/05:21:51:33 0071819800 8189 5475 1500 196520
2016/03/05:23:12:23 0071819800 8189 5475 1500 196520
2016/03/06:03:52:43 0071819800 8189 5475 1500 214415
2016/03/06:08:39:23 0071819800 8189 5475 1500 227558
2016/03/06:09:43:13 0071819800 8189 5475 1500 232583
2016/03/06:10:35:39 0071819800 8189 5475 1500 232961
2016/03/06:11:30:54 0071819800 8189 5475 1500 235097
2016/03/06:14:31:45 0071819800 8189 5475 1500 237988
2016/03/06:14:46:45 0071819800 8189 5475 1500 237988
2016/03/06:15:54:23 0071819800 8189 5475 1500 238165
2016/03/06:16:37:31 0071819800 8189 5475 1500 241192
2016/03/06:17:51:56 0071819800 8189 5475 1500 247152
2016/03/06:20:49:12 0071819800 8189 5475 1500 249253
2016/03/06:22:34:21 0071819800 8189 5475 1500 258485
2016/03/06:22:58:12 0071819800 8189 5475 1500 258517
2016/03/06:23:09:54 0071819800 8189 5475 1500 258517
2016/03/07:07:39:10 0071819800 8189 5475 1500 293718
2016/03/07:09:29:50 0071819800 8189 5475 1500 293718
2016/03/07:10:53:59 0071819800 8189 5475 1500 295745
2016/03/07:11:32:26 0071819800 8189 5475 1500 296375
2016/03/07:12:36:37 0071819800 8189 5475 1500 301835
2016/03/07:14:02:29 0071819800 8189 5475 1500 305559
2016/03/07:15:31:43 0071819800 8189 5475 1500 311264
2016/03/07:16:21:19 0071819800 8189 5475 1500 311264
2016/03/07:16:58:46 0071819800 8189 5475 1500 311538
2016/03/07:19:11:18 0071819800 8189 5475 1500 314114
2016/03/07:22:43:08 0071819800 8189 5475 1500 332291
2016/03/07:23:50:13 0071819800 8189 5475 1500 332558
2016/03/08:07:44:29 0071819800 8189 5475 1500 362834
2016/03/08:09:07:07 0071819800 8189 5475 1500 366300
2016/03/08:11:57:30 0071819800 8189 5475 1500 375214
2016/03/08:13:14:39 0071819800 8189 5475 1500 375213
2016/03/08:14:42:09 0071819800 8189 5475 1500 379402
2016/03/08:17:17:24 0071819800 8189 5475 1500 385851
2016/03/08:19:44:33 0071819800 8189 5475 1500 390687
2016/03/09:07:48:52 0071819800 8189 5475 1500 438093
2016/03/09:09:59:14 0071819800 8189 5475 1500 442094
2016/03/09:10:54:53 0071819800 8189 5475 1500 447993
2016/03/09:15:04:38 0071819800 8189 5475 1500 457750
2016/03/09:15:55:39 0071819800 8189 5475 1500 457750
2016/03/09:18:43:48 0071819800 8189 5475 1500 468647
2016/03/09:20:01:23 0071819800 8189 5475 1500 468734
2016/03/09:20:29:09 0071819800 8189 5475 1500 468734
2016/03/09:21:18:26 0071819800 8189 5475 1500 478244
2016/03/09:22:34:52 0071819800 8189 5475 1500 478314
2016/03/09:22:46:44 0071819800 8189 5475 1500 482288
2016/03/09:23:26:49 0071819800 8189 5475 1500 482288
2016/03/09:23:48:02 0071819800 8189 5475 1500 482284
2016/03/10:05:05:43 0071819800 8189 5475 1500 507983
2016/03/10:07:52:44 0071819800 8189 5475 1500 512385
2016/03/10:09:40:00 0071819800 8189 5475 1500 519445
2016/03/10:11:09:34 0071819800 8189 5475 1500 524052
2016/03/10:11:59:56 0071819800 8189 5475 1500 524052
2016/03/10:12:27:42 0071819800 8189 5475 1500 524051
2016/03/10:13:52:58 0071819800 8189 5475 1500 528218
2016/03/10:14:06:08 0071819800 8189 5475 1500 528218
2016/03/10:15:32:03 0071819800 8189 5475 1500 532735
2016/03/10:16:41:15 0071819800 8189 5475 1500 532735
2016/03/10:19:18:38 0071819800 8189 5475 1500 545569
2016/03/10:20:22:05 0071819800 8189 5475 1500 545840
2016/03/10:22:57:07 0071819800 8189 5475 1500 554159
2016/03/11:07:49:56 0071819800 8189 5475 1500 583461
2016/03/11:09:51:27 0071819800 8189 5475 1500 590644
2016/03/11:13:43:06 0071819800 8189 5475 1500 598233
2016/03/11:16:07:59 0071819800 8189 5475 1500 603119
2016/03/11:16:49:58 0071819800 8189 5475 1500 603119
2016/03/11:17:30:43 0071819800 8189 5475 1500 609057
2016/03/11:19:37:13 0071819800 8189 5475 1500 609093
2016/03/11:22:49:27 0071819800 8189 5475 1500 627643
2016/03/12:12:13:22 0071819800 8189 5475 1500 655201
2016/03/12:13:48:56 0071819800 8189 5475 1500 658620
2016/03/12:18:56:04 0071819800 8189 5475 1500 667023
2016/03/13:09:30:26 0071819800 8189 5475 1500 698710
2016/03/13:11:15:11 0071819800 8189 5475 1500 702180
2016/03/13:16:22:55 0071819800 8189 5475 1500 707339
2016/03/13:18:16:51 0071819800 8189 5475 1500 714613
2016/03/13:19:47:12 0071819800 8189 5475 1500 714656
2016/03/13:22:45:37 0071819800 8189 5475 1500 723637
2016/03/14:07:49:38 0071819800 8189 5475 1500 737329
2016/03/14:09:00:45 0071819800 8189 5475 1500 743651
2016/03/14:09:38:50 0071819800 8189 5475 1500 743651
2016/03/14:10:15:21 0071819800 8189 5475 1500 743651
2016/03/15:14:50:31 0071819800 8189 5475 1500 791636
2016/03/15:17:33:36 0071819800 8189 5475 1500 798517
2016/03/15:18:51:33 0071819800 8189 5475 1500 798631
2016/03/15:20:15:38 0071819800 8189 5475 1500 800254
2016/03/15:20:50:07 0071819800 8189 5475 1500 800476
2016/03/15:22:45:24 0071819800 8189 5475 1500 805704
2016/03/16:00:36:23 0071819800 8189 5475 1500 810746
2016/03/16:08:14:05 0071819800 8189 5475 1500 825085
2016/03/16:21:40:43 0071819800 8189 5475 1500 843987
2016/03/16:23:31:40 0071819800 8189 5475 1500 849818
2016/03/17:07:33:40 0071819800 8189 5475 1500 860669
2016/03/17:09:00:17 0071819800 8189 5475 1500 860669
2016/03/17:13:49:45 0071819800 8189 5475 1500 866442
2016/03/17:14:40:00 0071819800 8189 5475 1500 868006
2016/03/17:16:05:41 0071819800 8189 5475 1500 868239
2016/03/17:17:24:11 0071819800 8189 5475 1500 870695
2016/03/17:18:26:26 0071819800 8189 5475 1500 874074
2016/03/17:22:30:15 0071819800 8189 5475 1500 880371
2016/03/18:07:45:01 0071819800 8189 5475 1500 895512
2016/03/18:08:57:05 0071819800 8189 5475 1500 897074
2016/03/18:13:48:46 0071819800 8189 5475 1500 901187
2016/03/19:00:41:26 0071819800 8189 5475 1500 919180
2016/03/19:10:45:20 0071819800 8189 5475 1500 933550
2016/03/19:13:12:05 0071819800 8189 5475 1500 935322
2016/03/19:21:05:30 0071819800 8189 5475 1500 945683
2016/03/19:23:43:14 0071819800 8189 5475 1500 951849
2016/03/20:08:15:25 0071819800 8189 5475 1500 962913
2016/03/20:09:56:05 0071819800 8189 5475 1500 964871
2016/03/20:12:17:04 0071819800 8189 5475 1500 965407
2016/03/20:13:46:26 0071819800 8189 5475 1500 968702
2016/03/20:14:43:50 0071819800 8189 5475 1500 968796
2016/03/20:18:06:54 0071819800 8189 5475 1500 973228
2016/03/20:20:06:02 0071819800 8189 5475 1500 976244
2016/03/20:21:54:31 0071819800 8189 5475 1500 976380
2016/03/21:08:16:08 0071819800 8189 5475 1500 996327
2016/03/21:09:26:01 0071819800 8189 5475 1500 996327
2016/03/21:10:16:53 0071819800 8189 5475 1500 997830
2016/03/21:18:02:00 0071819800 8189 5475 1500 1008150
2016/03/21:19:22:03 0071819800 8189 5475 1500 1008189
2016/03/21:23:08:57 0071819800 8189 5475 1500 1014693
2016/03/22:10:15:05 0071819800 8189 5475 1500 1034573
2016/03/22:11:05:52 0071819800 8189 5475 1500 1035021
2016/03/23:08:02:46 0071819800 8189 5475 1500 1065428
2016/03/23:09:29:51 0071819800 8189 5475 1500 1065945
2016/03/23:13:14:09 0071819800 8189 5475 1500 1071731
2016/03/23:17:54:22 0071819800 8189 5475 1500 1076795
2016/03/23:19:05:08 0071819800 8189 5475 1500 1080319
2016/03/23:20:13:54 0071819800 8189 5475 1500 1080430
2016/03/23:21:26:33 0071819800 8189 5475 1500 1080430
2016/03/23:22:15:14 0071819800 8189 5475 1500 1084719
2016/03/23:23:12:04 0071819800 8189 5475 1500 1084719
2016/03/24:07:59:19 0071819800 8189 5475 1500 1100547
2016/03/24:10:07:37 0071819800 8189 5475 1500 1103216
2016/03/24:11:12:13 0071819800 8189 5475 1500 1105657
2016/03/24:12:22:43 0071819800 8189 5475 1500 1105933
2016/03/24:14:07:13 0071819800 8189 5475 1500 1108311
2016/03/24:15:17:27 0071819800 8189 5475 1500 1111416
2016/03/24:17:02:11 0071819800 8189 5475 1500 1111518
2016/03/24:20:58:32 0071819800 8189 5475 1500 1118553
2016/03/24:23:02:28 0071819800 8189 5475 1500 1121270
2016/03/25:07:53:29 0071819800 8189 5475 1500 1137188
2016/03/25:21:56:03 0071819800 8189 5475 1500 1156441
2016/03/26:10:11:55 0071819800 8189 5475 1500 1176460
2016/03/26:13:29:23 0071819800 8189 5475 1500 1179029
2016/03/26:18:06:13 0071819800 8189 5475 1500 1184833
2016/03/26:20:36:38 0071819800 8189 5475 1500 1188351
2016/03/28:18:40:04 0071819800 8189 5475 1500 1253601
2016/03/28:20:30:02 0071819800 8189 5475 1500 1257190
2016/03/28:21:33:47 0071819800 8189 5475 1500 1260926
2016/03/29:06:44:46 0071819800 8189 5475 1500 1276282
2016/03/29:15:17:38 0071819800 8189 5475 1500 1285811
2016/03/29:16:33:17 0071819800 8189 5475 1500 1288617
2016/03/29:19:28:20 0071819800 8189 5417 1500 1292498
2016/03/29:21:50:38 0071819800 8189 5417 1500 1296442
2016/03/30:09:20:00 0071819800 8189 5417 1500 1317775
2016/03/30:13:33:41 0071819800 8189 5475 1500 1323524
2016/03/30:15:58:39 0071819800 8189 5475 1500 1326429
2016/03/30:21:08:12 0071819800 8189 5475 1500 1338262
2016/03/31:07:06:16 0071819800 8189 5475 1500 1352361
2016/03/31:08:51:47 0071819800 8189 5475 1500 1356922
2016/03/31:09:39:48 0071819800 8189 5475 1500 1356922
2016/03/31:12:40:11 0071819800 8189 5475 1500 1363082
2016/03/31:13:46:23 0071819800 8189 5475 1500 1366087
2016/03/31:16:30:53 0071819800 8189 5475 1500 1369769
2016/03/31:21:17:32 0071819800 8189 5475 1500 1377777
2016/04/01:07:27:10 0071819800 8189 5475 1500 1393739
2016/04/01:09:27:25 0071819800 8189 5475 1500 1396905
2016/04/01:16:30:29 0071819800 8189 5475 1500 1410000
2016/04/01:17:37:24 0071819800 8189 5475 1500 1409996
2016/04/01:18:36:14 0071819800 8189 5475 1500 1414009
2016/04/01:19:34:23 0071819800 8189 5475 1500 1414008
2016/04/01:21:26:28 0071819800 8189 5475 1500 1417900
2016/04/01:22:37:02 0071819800 8189 5475 1500 1417900
2016/04/02:08:13:23 0071819800 8189 5475 1500 1436903
2016/04/02:09:25:13 0071819800 8189 5475 1500 1437087
2016/04/02:20:05:13 0071819800 8189 5475 1500 1453145
2016/04/02:22:33:26 0071819800 8189 5475 1500 1456777
2016/04/03:09:01:54 0071819800 8189 5475 1500 1474984
2016/04/03:09:56:07 0071819800 8189 5475 1500 1474984
2016/04/04:19:51:18 0071819800 8189 5475 1500 1530353
2016/04/05:07:02:34 0071819800 8189 5475 1500 1550462
2016/04/05:15:12:32 0071819800 8189 5475 1500 1563291
2016/04/05:21:43:34 0071819800 8189 5475 1500 1571130
2016/04/06:07:00:21 0071819800 8189 5475 1500 1587614
2016/04/06:22:56:53 0071819800 8189 5475 1500 1615221
2016/04/07:07:19:51 0071819800 8189 5475 1500 74366
2016/04/07:17:26:33 0071819800 8189 5475 1500 100955
2016/04/07:18:42:46 0071819800 8189 5475 1500 112589
2016/04/08:10:27:26 0071819800 8189 5475 1500 171828
2016/04/09:07:58:23 0071819800 8189 5475 1500 236338
2016/04/10:07:04:19 0071819800 8189 5475 1500 291673
2016/04/10:08:36:36 0071819800 8189 5475 1500 294911
2016/04/10:10:13:17 0071819800 8189 5475 1500 294912
2016/04/10:10:47:32 0071819800 8189 5475 1500 297365
2016/04/10:11:25:03 0071819800 8189 5475 1500 297496
2016/04/10:16:14:25 0071819800 8189 5475 1500 305607
2016/04/10:21:43:39 0071819800 8189 5475 1500 318595
2016/04/11:01:01:07 0071819800 8189 5475 1500 333144
2016/04/11:06:48:47 0071819800 8189 6080 1500 351980
2016/04/11:13:01:52 0071819800 8189 6080 1500 368248
2016/04/12:07:11:01 0071819800 8189 6541 1500 428642
2016/04/12:08:12:35 0071819800 8189 6541 1500 428985
2016/04/12:21:39:54 0071819800 8189 6534 1500 467207
2016/04/13:08:18:17 0071819800 8189 6595 1500 500891
2016/04/13:11:32:29 0071819800 8189 6545 1500 505179
2016/04/13:15:12:06 0071819800 8189 6544 1500 515382
2016/04/14:06:50:43 0071819800 8189 6540 1500 563151
2016/04/14:08:40:05 0071819800 8189 6540 1500 566975
2016/04/14:09:32:29 0071819800 8189 6539 1500 566975
2016/04/15:12:01:56 0071819800 8189 6536 1500 628881
2016/04/17:19:13:02 0071819800 8189 6532 1500 726961
2016/04/17:21:56:15 0071819800 8189 6952 1500 730889
2016/04/18:08:07:37 0071819800 8189 6937 1500 747921
2016/04/18:09:30:35 0071819800 8189 6934 1500 750226
2016/12/22:12:18:28 0071819800 7849 5386 1500 2330834
2016/12/24:17:56:40 0071819800 7849 5386 1500 2330196
2016/12/25:11:28:55 0071819800 7849 5386 1500 2327510
2016/12/25:20:58:07 0071819800 7849 5386 1500 2326940
2016/12/26:15:08:36 0071819800 7849 5386 1500 2324869
2016/12/26:16:51:28 0071819800 7849 5386 1500 2325172
2016/12/26:18:51:03 0071819800 7849 5386 1500 2325304
2016/12/27:00:21:31 0071819800 7849 5386 1500 2325476
2016/12/27:01:21:10 0071819800 7849 5386 1500 2325476
2016/12/27:02:20:59 0071819800 7849 5386 1500 2325559
2016/12/27:03:21:13 0071819800 7849 5386 1500 2325477
2016/12/27:04:21:16 0071819800 7849 5386 1500 2325249
2016/12/27:05:21:12 0071819800 7849 5386 1500 2325249
2016/12/27:08:21:24 0071819800 7849 5386 1500 2324560
2016/12/27:09:21:18 0071819800 7849 5386 1500 2324160
2016/12/27:10:21:24 0071819800 7849 5386 1500 2323886
2016/12/27:11:21:14 0071819800 7849 5386 1500 2323886
2016/12/27:12:21:21 0071819800 7849 5386 1500 2323746
2016/12/27:13:21:13 0071819800 7849 5386 1500 2323746
2016/12/27:14:21:34 0071819800 7849 5386 1500 2323987
2016/12/27:18:21:08 0071819800 7849 5386 1500 2324553
2016/12/27:20:21:08 0071819800 7849 5386 1500 2324986
2016/12/27:22:21:22 0071819800 7849 5386 1500 2325421
2016/12/27:23:21:13 0071819800 7849 5386 1500 2325421
2016/12/28:01:21:17 0071819800 7849 5386 1500 2325453
2016/12/28:02:21:13 0071819800 7849 5386 1500 2325718
2016/12/28:04:21:24 0071819800 7846 5386 1500 2325475
2016/12/28:05:21:06 0071819800 7846 5386 1500 2325475
2016/12/28:06:21:19 0071819800 7846 5386 1500 2325134
2016/12/28:08:21:29 0071819800 7846 5386 1500 2324761
2016/12/28:10:21:15 0071819800 7846 5386 1500 2324363
2016/12/28:12:21:20 0071819800 7846 5386 1500 2323965
2016/12/28:22:21:07 0071819800 7846 5386 1500 2325923
2016/12/29:00:21:08 0071819800 7846 5386 1500 2325923
2016/12/29:01:21:05 0071819800 7846 5386 1500 2325923
2016/12/29:04:21:21 0071819800 7454 5386 1500 2325920
2016/12/29:06:21:03 0071819800 7454 5386 1500 2325729
2016/12/29:16:21:21 0071819800 7454 5386 1500 2325466
2016/12/29:19:21:06 0071819800 7454 5386 1500 2325695
2016/12/29:22:21:14 0071819800 7454 5386 1500 2326724
2016/12/29:23:21:18 0071819800 7454 5386 1500 2326724
2016/12/30:00:21:08 0071819800 7454 5386 1500 2326847
2016/12/30:01:21:14 0071819800 7454 5386 1500 2326847
2016/12/30:02:21:16 0071819800 7454 5386 1500 2327086
2016/12/30:05:21:05 0071819800 7385 5386 1500 2326984
2016/12/30:06:21:08 0071819800 7385 5386 1500 2326769
2016/12/30:08:21:30 0071819800 7385 5386 1500 2326460
2016/12/30:10:21:20 0071819800 7385 5386 1500 2326130
2016/12/30:11:21:07 0071819800 7385 5386 1500 2325810
2016/12/30:12:21:13 0071819800 7385 5386 1500 2325570
2016/12/30:13:21:00 0071819800 7385 5386 1500 2325570
2016/12/30:14:21:39 0071819800 7385 5386 1500 2325780
2016/12/30:19:21:26 0071819800 7385 5386 1500 2327246
2016/12/30:22:21:23 0071819800 7385 5386 1500 2327543
2016/12/30:23:21:09 0071819800 7385 5386 1500 2327856
2016/12/31:00:21:12 0071819800 7385 5386 1500 2327910
2016/12/31:01:21:09 0071819800 7385 5386 1500 2328105
2016/12/31:02:21:16 0071819800 7385 5386 1500 2328105
2016/12/31:03:21:05 0071819800 7455 5386 1500 2328014
2016/12/31:04:21:09 0071819800 7455 5386 1500 2328014
2016/12/31:05:21:07 0071819800 7455 5386 1500 2327856
2016/12/31:06:21:12 0071819800 7455 5386 1500 2327494
2016/12/31:07:21:19 0071819800 7395 5386 1500 2327082
2016/12/31:08:21:17 0071819800 7395 5386 1500 2327082
2016/12/31:11:21:06 0071819800 7395 5386 1500 2326276
2016/12/31:12:21:14 0071819800 7395 5386 1500 2325956
2016/12/31:13:21:07 0071819800 7395 5386 1500 2325956
2016/12/31:14:21:08 0071819800 7395 5386 1500 2326049
2017/01/01:20:21:14 0071819800 7468 5386 1500 2325451
2017/01/01:22:21:10 0071819800 7468 5386 1500 2326091
2017/01/01:23:20:59 0071819800 7468 5386 1500 2326091
2017/01/02:00:21:22 0071819800 7468 5386 1500 2326209
2017/01/02:01:21:14 0071819800 7468 5386 1500 2326333
2017/01/02:02:21:18 0071819800 7468 5386 1500 2326333
2017/01/02:03:21:08 0071819800 7468 5386 1500 2326307
2017/01/02:04:21:21 0071819800 7468 5386 1500 2326135
2017/01/02:05:21:19 0071819800 7468 5386 1500 2326135
2017/01/02:06:21:09 0071819800 7468 5386 1500 2325935
2017/01/02:10:21:39 0071819800 7849 5386 1500 2324785
2017/01/02:16:21:05 0071819800 7849 5386 1500 2324674
2017/01/02:19:21:13 0071819800 7849 5386 1500 2326018
