Time: ISBN: Retail-Price: Lowest-New-Price: Lowest-Used-Price: Sales-Rank 
2016/02/10:15:15:32 0071132104 5199 3881 2921 52330
2016/02/10:17:02:29 0071132104 5199 3881 2921 57772
2016/02/10:18:27:16 0071132104 5199 3881 2921 57830
2016/02/10:22:26:07 0071132104 5199 3881 2921 74114
2016/02/11:07:44:13 0071132104 5199 3881 2909 116043
2016/02/11:09:34:27 0071132104 5199 3881 2906 135125
2016/02/11:10:01:06 0071132104 5199 3881 2906 135125
2016/02/11:11:51:40 0071132104 5199 3881 2901 134289
2016/02/11:12:01:05 0071132104 5199 3881 2901 134289
2016/02/11:12:07:50 0071132104 5199 3881 2901 134289
2016/02/11:12:52:33 0071132104 5199 3881 2900 134953
2016/02/11:14:05:47 0071132104 5199 3881 2897 134953
2016/02/11:15:25:04 0071132104 5199 3881 2895 135624
2016/02/11:17:11:04 0071132104 5199 3881 2892 139354
2016/02/11:18:59:26 0071132104 5199 3881 2891 139440
2016/02/11:22:04:34 0071132104 5199 3881 2920 148397
2016/02/12:07:31:32 0071132104 5199 3881 2920 170601
2016/02/12:09:20:48 0071132104 5199 3881 2920 180442
2016/02/12:09:37:49 0071132104 5199 3881 2920 180442
2016/02/13:12:34:50 0071132104 5199 3881 2920 221954
2016/02/13:12:35:44 0071132104 5199 3881 2920 221954
2016/02/13:12:41:56 0071132104 5199 3881 2920 221954
2016/02/13:12:42:43 0071132104 5199 3881 2920 221954
2016/02/13:12:43:24 0071132104 5199 3881 2920 221954
2016/02/13:13:26:45 0071132104 5199 3881 2920 222338
2016/02/13:13:34:47 0071132104 5199 3881 2920 222338
2016/02/13:15:20:28 0071132104 5199 3881 2920 224757
2016/02/18:17:18:06 0071132104 5199 3881 2916 348232
2016/02/18:18:04:16 0071132104 5199 3881 2914 348333
2016/02/18:19:12:04 0071132104 5199 3881 2914 348333
2016/02/18:20:40:45 0071132104 5199 3881 2914 347001
2016/02/18:21:42:49 0071132104 5199 3881 2914 351471
2016/02/18:22:40:27 0071132104 5199 3881 2914 351614
2016/02/19:07:48:43 0071132104 5199 3881 2914 356255
2016/02/19:09:34:39 0071132104 5199 3881 2914 357178
2016/02/19:11:26:01 0071132104 5199 3881 2914 358510
2016/02/19:13:03:23 0071132104 5199 3881 2914 358510
2016/02/19:15:00:16 0071132104 5199 3881 2914 358319
2016/02/19:16:50:07 0071132104 5199 3881 2912 359005
2016/02/19:17:22:36 0071132104 5199 3881 2912 361320
2016/02/19:17:39:03 0071132104 5199 3881 2912 361320
2016/02/19:19:28:30 0071132104 5199 3881 2912 358773
2016/02/19:20:25:34 0071132104 5199 3881 2912 358773
2016/02/19:22:11:09 0071132104 5199 3881 2912 362845
2016/02/20:01:59:45 0071132104 5199 3881 2912 364390
2016/02/20:06:07:19 0071132104 5199 3881 2912 366680
2016/02/20:09:15:58 0071132104 5199 3881 2912 366104
2016/02/20:10:33:22 0071132104 5199 3881 2912 366434
2016/02/20:11:12:39 0071132104 5199 3881 2912 364847
2016/02/20:12:05:47 0071132104 5199 3881 2912 364847
2016/02/20:13:03:47 0071132104 5199 3881 2912 364957
2016/02/20:14:25:18 0071132104 5199 3881 2912 363418
2016/02/20:15:36:19 0071132104 5199 3881 2912 363062
2016/02/20:16:50:37 0071132104 5199 3881 2912 363090
2016/02/20:18:45:36 0071132104 5199 3881 2910 364749
2016/02/20:19:37:11 0071132104 5199 3881 2908 363162
2016/02/20:21:18:09 0071132104 5199 3881 2908 367123
2016/02/20:21:41:44 0071132104 5199 3881 2908 367123
2016/02/21:02:22:43 0071132104 5199 3881 2908 370692
2016/02/21:09:43:18 0071132104 5199 3881 2908 370118
2016/02/21:10:50:31 0071132104 5199 3881 2908 370118
2016/02/21:11:41:31 0071132104 5199 3881 2908 370118
2016/02/21:14:11:31 0071132104 5199 3881 2908 365042
2016/02/21:14:57:02 0071132104 5199 3881 2908 363526
2016/02/21:17:18:38 0071132104 5199 3881 2908 364969
2016/02/21:17:42:43 0071132104 5199 3881 2908 364969
2016/02/21:18:13:10 0071132104 5199 3881 2908 364969
2016/02/21:20:12:51 0071132104 5199 3881 2908 363505
2016/02/21:22:00:25 0071132104 5199 3881 2908 367960
2016/02/21:22:24:42 0071132104 5199 3881 2908 367960
2016/02/21:23:35:24 0071132104 5199 3881 2908 365972
2016/02/22:07:47:05 0071132104 5199 3881 2908 376042
2016/02/22:09:50:36 0071132104 5199 3881 2908 373386
2016/02/22:11:01:42 0071132104 5199 3881 2908 373645
2016/02/22:11:59:20 0071132104 5199 3881 2908 373645
2016/02/22:15:19:57 0071132104 5199 3881 2908 369818
2016/02/22:16:42:39 0071132104 5199 3881 2908 369866
2016/02/22:20:50:45 0071132104 5199 3881 2908 369312
2016/02/23:09:30:47 0071132104 5199 3881 2908 384357
2016/02/23:10:57:05 0071132104 5199 3881 2908 386227
2016/02/23:11:59:59 0071132104 5199 3881 2908 383167
2016/02/23:13:50:31 0071132104 5199 3881 2908 380956
2016/02/23:15:06:03 0071132104 5199 3881 2908 378841
2016/02/23:16:04:49 0071132104 5499 3881 2908 378840
2016/02/23:17:25:28 0071132104 5499 3881 2908 378802
2016/02/24:09:14:29 0071132104 5499 3881 2908 395103
2016/02/24:10:21:00 0071132104 5499 3881 2908 392483
2016/02/24:11:12:55 0071132104 5499 3881 2907 392181
2016/02/24:11:17:13 0071132104 5499 3881 2907 392181
2016/02/24:13:07:28 0071132104 5499 3881 2905 389259
2016/02/24:14:11:48 0071132104 5499 3881 2903 389259
2016/02/24:16:47:10 0071132104 5499 3881 2900 389473
2016/02/24:19:40:05 0071132104 5499 3881 2897 387540
2016/02/24:21:08:31 0071132104 5499 3881 2895 393809
2016/02/24:22:41:31 0071132104 5499 3881 2894 393808
2016/02/24:23:04:22 0071132104 5499 3881 2893 393808
2016/02/25:08:04:58 0071132104 5499 3881 2890 404242
2016/02/25:08:58:28 0071132104 5499 3881 2890 404770
2016/02/25:10:08:32 0071132104 5499 3881 2890 403709
2016/02/25:11:33:40 0071132104 5499 3881 2889 402797
2016/02/25:15:18:31 0071132104 5499 3881 2883 399879
2016/02/25:16:50:56 0071132104 5499 3881 2883 400987
2016/02/25:19:00:46 0071132104 5499 3881 2880 401025
2016/02/25:21:33:17 0071132104 5499 3881 2877 398390
2016/02/25:22:30:25 0071132104 5499 3881 2874 402840
2016/02/26:07:29:47 0071132104 5499 3881 2872 415636
2016/02/26:08:46:40 0071132104 5499 3881 2872 416255
2016/02/26:09:49:08 0071132104 5499 3881 2872 414827
2016/02/26:10:50:22 0071132104 5499 3881 2871 415127
2016/02/26:13:18:51 0071132104 5499 3881 2869 412649
2016/02/26:15:27:24 0071132104 5499 3881 2868 412768
2016/02/26:19:51:34 0071132104 5499 3881 2862 411487
2016/02/26:22:47:02 0071132104 5499 3881 2857 414983
2016/02/26:23:49:34 0071132104 5499 3881 2857 414982
2016/02/27:08:07:20 0071132104 5499 3881 2856 420690
2016/02/27:09:38:25 0071132104 5499 3881 2856 421461
2016/02/27:10:38:52 0071132104 5499 3881 2856 421834
2016/02/27:12:18:03 0071132104 5499 3881 2856 419698
2016/02/27:14:23:24 0071132104 5499 3881 2856 417494
2016/02/27:16:30:22 0071132104 5499 3881 2856 414874
2016/02/27:17:05:41 0071132104 5499 3881 2856 414900
2016/02/27:17:47:22 0071132104 5499 3881 2856 414900
2016/02/27:19:41:31 0071132104 5499 3881 2856 414134
2016/02/27:23:54:13 0071132104 5499 3881 2856 414041
2016/02/28:00:25:56 0071132104 5499 3881 2854 414532
2016/02/28:03:40:21 0071132104 5499 3881 2854 419014
2016/02/28:10:24:55 0071132104 5499 3881 2853 420838
2016/02/28:11:12:46 0071132104 5499 3881 2853 421248
2016/02/28:13:15:47 0071132104 5499 3881 2853 419568
2016/02/28:17:20:12 0071132104 5499 3881 2853 414301
2016/02/28:19:30:00 0071132104 5499 3881 2850 414323
2016/02/28:19:32:01 0071132104 5499 3881 2850 414748
2016/02/28:20:46:28 0071132104 5499 3881 2847 414943
2016/02/28:22:18:25 0071132104 5499 3881 2846 417188
2016/02/28:22:58:17 0071132104 5499 3881 2845 417392
2016/02/29:09:24:17 0071132104 5499 3881 2841 423405
2016/02/29:10:32:19 0071132104 5499 3881 2841 421960
2016/02/29:11:54:08 0071132104 5499 3881 2838 422021
2016/02/29:12:23:10 0071132104 5499 3881 2838 422509
2016/02/29:12:42:22 0071132104 5499 3881 2838 422509
2016/02/29:13:46:12 0071132104 5499 3881 2837 422598
2016/02/29:15:22:31 0071132104 5499 3881 2835 420037
2016/02/29:15:43:55 0071132104 5499 3881 2834 420037
2016/02/29:16:18:31 0071132104 5499 3881 2834 420037
2016/02/29:17:16:17 0071132104 5499 3881 2832 420037
2016/03/01:02:12:23 0071132104 5499 3881 2823 425259
2016/03/01:09:28:43 0071132104 5499 3881 2823 429650
2016/03/01:11:53:08 0071132104 5499 3881 2822 429640
2016/03/01:14:50:20 0071132104 5499 3881 2819 428540
2016/03/01:15:15:53 0071132104 5499 3881 2817 428773
2016/03/01:18:39:19 0071132104 5499 3881 2813 429395
2016/03/01:19:59:55 0071132104 5499 3881 2813 429458
2016/03/01:20:58:49 0071132104 5499 3881 2811 433406
2016/03/01:21:50:54 0071132104 5499 3881 2810 430507
2016/03/01:23:06:28 0071132104 5499 3881 2808 430730
2016/03/01:23:21:53 0071132104 5499 3881 2808 430730
2016/03/02:07:22:42 0071132104 5499 3881 2805 437116
2016/03/02:09:37:12 0071132104 5499 3881 2805 435116
2016/03/02:11:57:33 0071132104 5499 3881 2804 438029
2016/03/02:12:45:39 0071132104 5499 3881 2804 436925
2016/03/02:15:49:55 0071132104 5499 3881 2799 435959
2016/03/02:16:45:14 0071132104 5499 3881 2798 435835
2016/03/02:18:40:56 0071132104 5499 3881 2796 437385
2016/03/02:19:12:49 0071132104 5499 3881 2796 437421
2016/03/02:19:26:58 0071132104 5499 3881 2795 437421
2016/03/02:19:27:59 0071132104 5499 3881 2795 437421
2016/03/02:19:34:58 0071132104 5499 3881 2795 437421
2016/03/02:20:27:22 0071132104 5499 3881 2795 441144
2016/03/02:20:29:44 0071132104 5499 3881 2795 441144
2016/03/02:21:20:01 0071132104 5499 3881 2793 441421
2016/03/02:23:03:27 0071132104 5499 3881 2792 438817
2016/03/03:09:22:27 0071132104 5499 3881 2790 441971
2016/03/03:10:16:59 0071132104 5499 3881 2790 441971
2016/03/03:10:33:14 0071132104 5499 3881 2790 444829
2016/03/03:11:34:37 0071132104 5499 3881 2789 444829
2016/03/03:12:10:40 0071132104 5499 3881 2789 444829
2016/03/03:12:34:33 0071132104 5499 3881 2789 444829
2016/03/03:12:57:07 0071132104 5499 3881 2787 444829
2016/03/03:15:09:03 0071132104 5499 3881 2784 442440
2016/03/03:17:07:57 0071132104 5499 3881 2783 442772
2016/03/03:17:41:51 0071132104 5499 3881 2851 442772
2016/03/03:18:01:09 0071132104 5499 3881 2851 442772
2016/03/03:18:27:49 0071132104 5499 3881 2851 442772
2016/03/03:19:50:55 0071132104 5499 3881 2851 445023
2016/03/03:20:37:11 0071132104 5499 3881 3186 445023
2016/03/04:07:29:00 0071132104 5499 3881 3184 451854
2016/03/04:09:07:20 0071132104 5499 3881 3184 452444
2016/03/04:09:42:23 0071132104 5499 3881 3184 454131
2016/03/04:11:02:23 0071132104 5499 3881 3181 454219
2016/03/04:11:22:22 0071132104 5499 3881 3181 452437
2016/03/04:11:30:31 0071132104 5499 3881 3181 452437
2016/03/04:11:49:16 0071132104 5499 3881 3181 452437
2016/03/04:13:00:26 0071132104 5499 3881 3178 450690
2016/03/04:16:20:36 0071132104 5499 3881 3169 450418
2016/03/04:16:58:22 0071132104 5499 3881 3169 451778
2016/03/04:19:22:32 0071132104 5499 3881 3165 454273
2016/03/04:20:01:54 0071132104 5499 3881 3163 454273
2016/03/04:21:09:16 0071132104 5499 3881 3162 454273
2016/03/04:22:31:23 0071132104 5499 3881 3159 458184
2016/03/04:23:26:26 0071132104 5499 3881 3159 456131
2016/03/05:08:36:30 0071132104 5499 3881 3157 457625
2016/03/05:09:52:43 0071132104 5499 3881 3157 457755
2016/03/05:10:50:53 0071132104 5499 3881 3156 455897
2016/03/05:11:46:12 0071132104 5499 3881 3156 455897
2016/03/05:12:10:34 0071132104 5499 3881 3154 455897
2016/03/05:12:30:54 0071132104 5499 3881 3154 455897
2016/03/05:12:45:44 0071132104 5499 3881 3154 455897
2016/03/05:12:46:42 0071132104 5499 3881 3154 455897
2016/03/05:17:32:32 0071132104 5499 3881 3147 452921
2016/03/05:19:22:02 0071132104 5499 3881 3144 453630
2016/03/05:20:11:01 0071132104 5499 3881 3144 455296
2016/03/05:21:41:37 0071132104 5499 3881 3141 457854
2016/03/05:23:02:25 0071132104 5499 3881 3139 455501
2016/03/06:03:42:46 0071132104 5499 3881 3136 456777
2016/03/06:08:29:26 0071132104 5499 3881 3136 456514
2016/03/06:09:33:16 0071132104 5499 3881 3136 455213
2016/03/06:10:25:40 0071132104 5499 3881 3136 455591
2016/03/06:11:20:46 0071132104 5499 3881 3135 455591
2016/03/06:13:27:02 0071132104 5499 3881 3132 452551
2016/03/06:14:21:47 0071132104 5499 3881 3130 450654
2016/03/06:14:36:49 0071132104 5499 3881 3130 450654
2016/03/06:15:44:23 0071132104 5499 3881 3129 450831
2016/03/06:16:14:32 0071132104 5499 3881 3129 449324
2016/03/06:16:27:33 0071132104 5499 3881 3127 449324
2016/03/06:17:41:58 0071132104 5499 3881 3126 450192
2016/03/06:20:39:15 0071132104 5499 3881 3121 448578
2016/03/06:22:24:25 0071132104 5499 3881 3120 451348
2016/03/06:22:48:16 0071132104 5499 3881 3120 451380
2016/03/06:22:59:57 0071132104 5499 3881 3120 451380
2016/03/07:07:29:11 0071132104 5499 3881 3118 456053
2016/03/07:09:19:46 0071132104 5499 3881 3118 453403
2016/03/07:10:43:57 0071132104 5499 3881 3118 450022
2016/03/07:11:22:28 0071132104 5499 3881 3117 450652
2016/03/07:12:26:40 0071132104 5499 3881 3117 449673
2016/03/07:13:52:32 0071132104 5499 3881 3115 447791
2016/03/07:15:21:44 0071132104 5499 3881 3115 447791
2016/03/07:16:11:22 0071132104 5499 3881 3115 447953
2016/03/07:16:48:49 0071132104 5499 3881 3115 448226
2016/03/07:19:01:20 0071132104 5499 3881 3111 446393
2016/03/07:22:33:11 0071132104 5499 3881 3108 452902
2016/03/07:23:40:16 0071132104 5499 3881 3106 453169
2016/03/08:07:34:31 0071132104 5499 3881 3103 456700
2016/03/08:08:57:11 0071132104 5499 3881 3103 454183
2016/03/08:11:47:34 0071132104 5499 3881 3102 450504
2016/03/08:13:04:41 0071132104 5499 3881 3099 450503
2016/03/08:14:32:09 0071132104 5499 3881 3097 448511
2016/03/08:17:07:28 0071132104 5499 3881 3096 449045
2016/03/08:19:34:37 0071132104 5499 3881 3093 449040
2016/03/09:07:38:55 0071132104 5499 3881 3085 458549
2016/03/09:09:49:17 0071132104 5499 3881 3085 455860
2016/03/09:10:44:48 0071132104 5499 3881 3084 455238
2016/03/09:14:54:41 0071132104 5499 3881 3079 451563
2016/03/09:15:45:42 0071132104 5499 3881 3079 451592
2016/03/09:18:33:52 0071132104 5499 3881 3076 450597
2016/03/09:19:51:13 0071132104 5499 3881 3076 450684
2016/03/09:20:19:11 0071132104 5499 3881 3075 454936
2016/03/09:21:07:32 0071132104 5499 3881 3075 454936
2016/03/09:22:24:51 0071132104 5499 3881 3072 455006
2016/03/09:22:36:47 0071132104 5499 3881 3072 453510
2016/03/09:23:16:52 0071132104 5499 3881 3072 453510
2016/03/09:23:38:03 0071132104 5499 3881 3072 453510
2016/03/10:04:55:46 0071132104 5499 3881 3070 461532
2016/03/10:07:42:48 0071132104 5499 3881 3070 458880
2016/03/10:09:29:12 0071132104 5499 3881 3070 459402
2016/03/10:10:35:19 0071132104 5499 3881 3070 459400
2016/03/10:10:59:08 0071132104 5499 3881 3069 457566
2016/03/10:11:49:53 0071132104 5499 3881 3069 457566
2016/03/10:12:17:23 0071132104 5499 3881 3067 457565
2016/03/10:13:42:59 0071132104 5499 3881 3066 454997
2016/03/10:13:56:10 0071132104 5499 3881 3066 454997
2016/03/10:15:22:03 0071132104 5499 3881 3064 452871
2016/03/10:16:31:18 0071132104 5499 3881 3063 452936
2016/03/10:19:05:35 0071132104 5499 3881 3060 454574
2016/03/10:20:12:06 0071132104 5499 3881 3057 454845
2016/03/10:22:47:11 0071132104 5499 3881 3055 458624
2016/03/11:07:40:00 0071132104 5499 3881 3052 461175
2016/03/11:09:40:59 0071132104 5499 3881 3052 462807
2016/03/11:13:33:05 0071132104 5499 3881 3048 458167
2016/03/11:15:39:39 0071132104 5499 3880 3046 457263
2016/03/11:16:39:17 0071132104 5499 3881 3045 457308
2016/03/11:17:20:31 0071132104 5499 3881 3045 457308
2016/03/11:19:27:16 0071132104 5499 3880 2851 458093
2016/03/11:22:39:29 0071132104 5499 3875 2847 459983
2016/03/12:10:28:45 0071132104 5499 3881 2846 464765
2016/03/12:12:03:25 0071132104 5499 3881 2846 461925
2016/03/12:13:38:56 0071132104 5499 3881 2843 459529
2016/03/12:18:44:32 0071132104 5499 3881 2846 457598
2016/03/13:09:20:30 0071132104 5499 3880 2847 461366
2016/03/13:11:05:14 0071132104 5499 3877 2846 459624
2016/03/13:16:12:59 0071132104 5499 3872 2849 454543
2016/03/13:18:06:49 0071132104 5499 3872 2847 452311
2016/03/13:19:37:15 0071132104 5499 3881 2847 452354
2016/03/13:22:35:32 0071132104 5499 3881 2850 454673
2016/03/14:07:39:39 0071132104 5499 3881 2850 454022
2016/03/14:08:50:47 0071132104 5499 3881 2850 457718
2016/03/14:09:28:53 0071132104 5499 3881 2850 457718
2016/03/14:10:05:20 0071132104 5499 3881 2850 457718
2016/03/15:14:29:00 0071132104 5499 3859 2800 453401
2016/03/15:17:12:06 0071132104 5499 3857 2850 452597
2016/03/15:18:30:06 0071132104 5499 3857 2850 452711
2016/03/15:19:54:08 0071132104 5499 3881 2850 449606
2016/03/15:20:28:55 0071132104 5499 3881 2850 449606
2016/03/15:22:23:54 0071132104 5499 3881 2850 452981
2016/03/16:00:14:57 0071132104 5499 3881 2850 456308
2016/03/16:07:52:46 0071132104 5499 3881 2850 460894
2016/03/16:08:59:46 0071132104 5499 3881 2850 460894
2016/03/16:21:19:11 0071132104 5499 3881 2850 453404
2016/03/16:23:06:03 0071132104 5499 3881 2850 453608
2016/03/17:07:12:07 0071132104 5499 3881 2850 462419
2016/03/17:08:38:52 0071132104 5499 3881 2850 458042
2016/03/17:13:28:01 0071132104 5499 3881 2850 456933
2016/03/17:14:18:28 0071132104 5499 3881 2850 454133
2016/03/17:15:44:00 0071132104 5499 3881 2850 454366
2016/03/17:17:02:36 0071132104 5499 3881 2850 453298
2016/03/17:18:04:37 0071132104 5499 3881 2850 453697
2016/03/17:22:08:19 0071132104 5499 3881 2850 454224
2016/03/18:07:23:27 0071132104 5499 3881 2850 463266
2016/03/18:08:35:43 0071132104 5499 3881 2850 461421
2016/03/18:13:27:01 0071132104 5499 3881 2850 458446
2016/03/19:00:19:37 0071132104 5499 3871 2850 460395
2016/03/19:10:23:42 0071132104 5499 3859 2850 463582
2016/03/19:11:58:14 0071132104 5499 3857 2850 461471
2016/03/19:12:50:37 0071132104 5499 3857 2850 461722
2016/03/19:14:09:14 0071132104 5499 3856 2850 459509
2016/03/19:16:07:30 0071132104 5499 3854 2850 458388
2016/03/19:20:43:50 0071132104 5499 3848 2850 460073
2016/03/19:23:21:37 0071132104 5499 3844 2850 457641
2016/03/20:07:53:25 0071132104 5499 3832 2850 463249
2016/03/20:09:34:27 0071132104 5499 3829 2850 463249
2016/03/20:11:54:48 0071132104 5499 3826 2850 462225
2016/03/20:13:24:37 0071132104 5499 3824 2850 459797
2016/03/20:14:22:12 0071132104 5499 3824 2850 457144
2016/03/20:17:45:24 0071132104 5499 3881 2850 456750
2016/03/20:19:44:38 0071132104 5499 3881 2850 453756
2016/03/20:21:32:43 0071132104 5499 3881 2850 453781
2016/03/21:07:54:33 0071132104 5499 3875 2852 461158
2016/03/21:09:04:34 0071132104 5499 3872 2852 461158
2016/03/21:09:55:24 0071132104 5499 3871 2852 461158
2016/03/21:15:21:17 0071132104 5499 3860 2852 457575
2016/03/21:17:40:32 0071132104 5499 3859 2852 453695
2016/03/21:19:00:31 0071132104 5499 3856 2852 454058
2016/03/21:22:47:12 0071132104 5499 3850 2850 454182
2016/03/22:09:53:44 0071132104 5499 3881 2850 461147
2016/03/22:10:44:26 0071132104 5499 3881 2850 461147
2016/03/22:11:44:11 0071132104 5499 3881 2850 461595
2016/03/22:22:59:10 0071132104 5499 3881 2850 457235
2016/03/23:07:35:32 0071132104 5499 3881 2850 460966
2016/03/23:09:02:52 0071132104 5499 3881 2850 461483
2016/03/23:12:47:01 0071132104 5499 3881 2850 459972
2016/03/23:13:45:41 0071132104 5499 3881 2850 459970
2016/03/23:17:26:54 0071132104 5499 3881 2850 455764
2016/03/23:18:38:17 0071132104 5499 3881 2850 455677
2016/03/23:19:46:55 0071132104 5499 3881 2852 455788
2016/03/23:20:59:45 0071132104 5499 3881 2852 455788
2016/03/23:21:48:17 0071132104 5499 3881 2852 455788
2016/03/23:22:44:59 0071132104 5499 3881 2852 457561
2016/03/24:07:32:10 0071132104 5499 3881 2852 463588
2016/03/24:09:40:37 0071132104 5499 3881 2852 462375
2016/03/24:10:45:04 0071132104 5499 3881 2852 460976
2016/03/24:11:55:41 0071132104 5499 3881 2852 461253
2016/03/24:13:40:03 0071132104 5499 3881 2852 458621
2016/03/24:14:50:02 0071132104 5499 3881 2852 457875
2016/03/24:16:34:57 0071132104 5499 3881 2852 457977
2016/03/24:18:21:26 0071132104 5499 3881 3185 458057
2016/03/24:20:31:28 0071132104 5499 3881 3183 31309
2016/03/24:22:34:31 0071132104 5499 3881 3183 35936
2016/03/25:07:25:55 0071132104 5499 3881 3183 89950
2016/03/25:09:01:11 0071132104 5499 3881 3183 100602
2016/03/25:21:26:36 0071132104 5499 3881 3183 131621
2016/03/26:09:43:45 0071132104 5499 3881 3183 162978
2016/03/26:13:01:30 0071132104 5499 3881 3183 168657
2016/03/26:17:38:12 0071132104 5499 3881 3183 175188
2016/03/26:20:08:56 0071132104 5499 3881 3179 181259
2016/03/27:13:31:19 0071132104 5499 3881 3179 216814
2016/03/28:18:12:10 0071132104 5499 3881 3179 260395
2016/03/28:20:02:17 0071132104 5499 3881 3177 266216
2016/03/28:21:06:13 0071132104 5499 3881 3177 266216
2016/03/29:06:17:04 0071132104 5499 3881 3175 292121
2016/03/29:07:24:42 0071132104 5499 3881 3175 293477
2016/03/29:10:33:09 0071132104 5499 3881 3175 298150
2016/03/29:13:12:42 0071132104 5499 3881 3175 299931
2016/03/29:14:49:56 0071132104 5499 3881 3175 299931
2016/03/29:16:05:00 0071132104 5499 3881 3175 300692
2016/03/29:19:00:39 0071132104 5499 3881 3175 304676
2016/03/29:21:22:43 0071132104 5499 3881 3175 309452
2016/03/30:08:52:02 0071132104 5499 3880 3175 334268
2016/03/30:13:06:02 0071132104 5499 3880 3175 334949
2016/03/30:15:30:49 0071132104 5499 3880 3175 335248
2016/03/30:16:13:40 0071132104 5499 3880 3175 335248
2016/03/30:18:31:58 0071132104 5499 3880 3175 341748
2016/03/30:20:40:45 0071132104 5499 3880 3175 348048
2016/03/31:06:38:52 0071132104 5499 3880 3175 360080
2016/03/31:08:24:04 0071132104 5499 3880 3175 365733
2016/03/31:09:12:17 0071132104 5499 3880 3175 365733
2016/03/31:12:12:07 0071132104 5499 3880 3175 365007
2016/03/31:13:18:26 0071132104 5499 3880 3175 365007
2016/03/31:14:08:42 0071132104 5499 3880 3175 365198
2016/03/31:16:03:06 0071132104 5499 3880 3175 367335
2016/03/31:20:49:35 0071132104 5499 3880 3173 373223
2016/04/01:06:59:32 0071132104 5499 3879 3173 386374
2016/04/01:08:10:14 0071132104 5499 3879 3171 387062
2016/04/01:08:59:50 0071132104 5499 3879 3171 387062
2016/04/01:16:03:07 0071132104 5499 3879 3171 387147
2016/04/01:17:09:52 0071132104 5499 3879 3171 389035
2016/04/01:18:08:50 0071132104 5499 3879 3171 389034
2016/04/01:19:06:57 0071132104 5499 3879 3171 30968
2016/04/01:20:58:48 0071132104 5499 3879 3171 44667
2016/04/01:22:09:28 0071132104 5499 3879 3171 44667
2016/04/02:07:45:44 0071132104 5499 3876 3171 92233
2016/04/02:08:57:46 0071132104 5499 3873 3171 97002
2016/04/02:19:37:19 0071132104 5499 3866 3169 125533
2016/04/02:22:05:46 0071132104 5499 3866 3169 133159
2016/04/03:08:34:24 0071132104 5499 3866 3169 162748
2016/04/03:09:28:36 0071132104 5499 3866 3169 162962
2016/04/04:08:39:24 0071132104 5499 3866 3187 215522
2016/04/04:13:27:01 0071132104 5499 3866 3187 218026
2016/04/04:19:23:37 0071132104 5499 3865 3171 235480
2016/04/04:22:04:33 0071132104 5499 3867 3185 242700
2016/04/05:06:34:52 0071132104 5499 3867 3185 267140
2016/04/05:14:44:51 0071132104 5499 3867 3185 272658
2016/04/05:15:37:27 0071132104 5499 3867 3185 276782
2016/04/05:21:15:38 0071132104 5499 3867 3181 288983
2016/04/06:06:32:46 0071132104 5499 3867 3181 314154
2016/04/06:10:19:26 0071132104 5499 3867 3181 315524
2016/04/06:14:05:29 0071132104 5499 3867 3181 317431
2016/04/06:22:28:55 0071132104 5499 3867 3181 334136
2016/04/07:06:52:00 0071132104 5499 3867 3181 347143
2016/04/07:16:58:02 0071132104 5499 3867 3181 28846
2016/04/07:18:15:00 0071132104 5499 3867 3181 43268
2016/04/08:09:59:13 0071132104 5499 3867 3181 112333
2016/04/09:07:30:13 0071132104 5499 3867 3177 175934
2016/04/10:06:36:24 0071132104 5499 3867 3177 218597
2016/04/10:08:08:20 0071132104 5499 3867 3177 219580
2016/04/10:09:45:14 0071132104 5499 3867 3177 219581
2016/04/10:10:19:43 0071132104 5499 3867 3177 219585
2016/04/10:10:57:05 0071132104 5499 3867 3177 219585
2016/04/10:15:46:19 0071132104 5499 3867 3177 223071
2016/04/10:21:15:02 0071132104 5499 3867 3177 232306
2016/04/11:00:32:53 0071132104 5499 3867 3177 243265
2016/04/11:06:20:31 0071132104 5499 3867 3177 259965
2016/04/11:08:21:17 0071132104 5499 3867 3177 263148
2016/04/11:12:34:10 0071132104 5499 3867 3177 263871
2016/04/12:06:42:36 0071132104 5499 3867 3173 306758
2016/04/12:07:44:40 0071132104 5499 3867 3173 307101
2016/04/12:09:04:22 0071132104 5499 3867 3173 306288
2016/04/12:12:40:10 0071132104 5499 3867 3173 305936
2016/04/12:14:00:13 0071132104 5499 3867 3173 306900
2016/04/12:21:11:34 0071132104 5499 3867 3173 320960
2016/04/13:07:50:23 0071132104 5499 3867 3173 336487
2016/04/13:11:04:35 0071132104 5499 3867 3173 336791
2016/04/13:14:44:15 0071132104 5499 3867 3173 339897
2016/04/13:15:36:18 0071132104 5499 3867 3173 339920
2016/04/13:19:50:49 0071132104 5499 3867 3173 348892
2016/04/13:20:38:47 0071132104 5499 3867 3173 349108
2016/04/14:06:23:15 0071132104 5499 3867 3173 360494
2016/04/14:08:12:37 0071132104 5499 3867 3173 360731
2016/04/14:09:05:03 0071132104 5499 3867 3173 359302
2016/04/15:11:34:32 0071132104 5499 3867 3169 378318
2016/04/17:18:45:35 0071132104 5499 3867 3169 389802
2016/04/17:21:29:03 0071132104 5499 3867 3169 390160
2016/04/18:07:40:17 0071132104 5499 3867 3169 397576
2016/04/18:09:03:14 0071132104 5499 3867 3169 396885
2016/11/27:12:01:26 0071132104 5499 4611 2393 528376
2016/11/27:12:02:20 0071132104 5499 4611 2393 528376
2016/12/22:09:47:55 0071132104 5499 4542 2470 451565
2016/12/22:09:51:55 0071132104 5499 4542 2470 451565
2016/12/22:10:05:21 0071132104 5499 4542 2470 451565
2016/12/22:10:50:06 0071132104 5499 4542 2470 451144
2016/12/22:11:16:02 0071132104 5499 4542 2470 451144
2016/12/22:12:00:35 0071132104 5499 4542 2470 450817
2016/12/24:17:38:38 0071132104 5499 4536 2470 457392
2016/12/24:20:07:24 0071132104 5499 4536 2470 456181
2016/12/24:22:58:10 0071132104 5499 4536 2470 454254
2016/12/25:11:11:02 0071132104 5499 4536 2470 441534
2016/12/25:20:39:54 0071132104 5499 4535 2470 439499
2016/12/25:22:00:50 0071132104 5499 4534 2470 438609
2016/12/26:10:35:44 0071132104 5499 4534 2470 427469
2016/12/26:14:50:53 0071132104 5499 4534 2470 426501
2016/12/26:15:33:26 0071132104 5499 4534 2470 426555
2016/12/26:16:33:27 0071132104 5499 4534 2470 428087
2016/12/26:17:33:28 0071132104 5499 4550 2470 428087
2016/12/26:18:33:26 0071132104 5499 4550 2470 428311
2016/12/26:19:03:28 0071132104 5499 4550 2470 428311
2016/12/26:20:03:28 0071132104 5499 4550 2470 429934
2016/12/26:21:03:27 0071132104 5499 4550 2470 430233
2016/12/26:22:03:27 0071132104 5499 4550 2470 430233
2016/12/26:23:03:27 0071132104 5499 4550 2470 431465
2016/12/27:00:03:27 0071132104 5499 4550 2470 431198
2016/12/27:01:03:26 0071132104 5499 4550 2470 431198
2016/12/27:02:03:27 0071132104 5499 4549 2470 432038
2016/12/27:03:03:27 0071132104 5499 4548 2470 431244
2016/12/27:04:03:27 0071132104 5499 4548 2470 431244
2016/12/27:05:03:27 0071132104 5499 4548 2470 430440
2016/12/27:06:03:27 0071132104 5499 4548 2470 428643
2016/12/27:07:03:27 0071132104 5499 4548 2470 428643
2016/12/27:08:03:29 0071132104 5499 4548 2470 427024
2016/12/27:09:03:27 0071132104 5499 4548 2470 425048
2016/12/27:10:03:27 0071132104 5499 4548 2470 425048
2016/12/27:11:03:27 0071132104 5499 4548 2470 423624
2016/12/27:12:03:30 0071132104 5499 4548 2470 422311
2016/12/27:13:03:26 0071132104 5499 4548 2470 422311
2016/12/27:14:03:27 0071132104 5499 4548 2470 422886
2016/12/27:15:03:27 0071132104 5499 4548 2470 422816
2016/12/27:16:03:27 0071132104 5499 4548 2470 422816
2016/12/27:17:03:27 0071132104 5499 4548 2470 424451
2016/12/27:18:03:27 0071132104 5499 4548 2470 424451
2016/12/27:19:03:27 0071132104 5499 4548 2470 424451
2016/12/27:20:03:27 0071132104 5499 4548 2470 426738
2016/12/27:21:03:27 0071132104 5499 4548 2470 427443
2016/12/27:22:03:28 0071132104 5499 4548 2470 427443
2016/12/27:23:03:27 0071132104 5499 4548 2470 429676
2016/12/28:00:03:27 0071132104 5499 4548 2470 430320
2016/12/28:01:03:27 0071132104 5499 4548 2470 430320
2016/12/28:02:03:27 0071132104 5499 4548 2470 432052
2016/12/28:03:03:26 0071132104 5499 4548 2470 431696
2016/12/28:04:03:27 0071132104 5499 4548 2470 431696
2016/12/28:05:03:26 0071132104 5499 4548 2470 431200
2016/12/28:06:03:27 0071132104 5499 4548 2470 429682
2016/12/28:07:03:27 0071132104 5499 4548 2470 429682
2016/12/28:08:03:27 0071132104 5499 4548 2470 428136
2016/12/28:09:03:27 0071132104 5499 4548 2470 426409
2016/12/28:10:03:27 0071132104 5499 4546 2470 426409
2016/12/28:11:03:27 0071132104 5499 4546 2470 425137
2016/12/28:12:03:28 0071132104 5499 4546 2470 424102
2016/12/28:13:03:28 0071132104 5499 4546 2470 424102
2016/12/28:14:03:27 0071132104 5499 4546 2470 425201
2016/12/28:15:03:27 0071132104 5499 4546 2470 425423
2016/12/28:16:03:27 0071132104 5499 4546 2470 425423
2016/12/28:17:03:27 0071132104 5499 4546 2470 427294
2016/12/28:18:03:27 0071132104 5499 4546 2470 427294
2016/12/28:19:03:27 0071132104 5499 4546 2470 427294
2016/12/28:20:03:27 0071132104 5499 4546 2470 429695
2016/12/28:21:03:27 0071132104 5499 4546 2470 430379
2016/12/28:22:03:26 0071132104 5499 4546 2470 430379
2016/12/28:23:03:27 0071132104 5499 4546 2470 433155
2016/12/29:00:03:27 0071132104 5499 4546 2470 433817
2016/12/29:01:03:27 0071132104 5499 4546 2470 433817
2016/12/29:02:03:27 0071132104 5499 4546 2470 436082
2016/12/29:03:03:27 0071132104 5499 4546 2470 436177
2016/12/29:04:03:27 0071132104 5499 4546 2470 436177
2016/12/29:05:03:27 0071132104 5499 4550 2470 436037
2016/12/29:06:03:26 0071132104 5499 4550 2470 434975
2016/12/29:07:03:26 0071132104 5499 4550 2470 434975
2016/12/29:08:03:27 0071132104 5499 4550 2470 433803
2016/12/29:10:03:26 0071132104 5499 4550 2470 432402
2016/12/29:11:03:27 0071132104 5499 4550 2470 431358
2016/12/29:12:03:27 0071132104 5499 4550 2470 430478
2016/12/29:14:03:27 0071132104 5499 4550 2470 431705
2016/12/29:15:03:26 0071132104 5499 4550 2470 432236
2016/12/29:16:03:27 0071132104 5499 4550 2470 432236
2016/12/29:17:03:26 0071132104 5499 4629 2470 434475
2016/12/29:18:03:29 0071132104 5499 4629 2470 434961
2016/12/29:19:03:26 0071132104 5499 4629 2470 434961
2016/12/29:20:03:27 0071132104 5499 4629 2470 437154
2016/12/29:21:03:26 0071132104 5499 4629 2470 437928
2016/12/29:22:03:27 0071132104 5499 4629 2470 437928
2016/12/29:23:03:27 0071132104 5499 4629 2470 440269
2016/12/30:00:03:27 0071132104 5499 4629 2470 441303
2016/12/30:01:03:28 0071132104 5499 4629 2470 441303
2016/12/30:02:03:27 0071132104 5499 4629 2470 443653
2016/12/30:03:03:27 0071132104 5499 4629 2470 444082
2016/12/30:04:03:27 0071132104 5499 4629 2470 444082
2016/12/30:05:03:27 0071132104 5499 4629 2470 444599
2016/12/30:06:03:27 0071132104 5499 4629 2470 443932
2016/12/30:07:03:27 0071132104 5499 4629 2470 443932
2016/12/30:08:03:27 0071132104 5499 4629 2470 443193
2016/12/30:09:03:26 0071132104 5499 4629 2470 442206
2016/12/30:10:03:27 0071132104 5499 4627 2470 442206
2016/12/30:11:03:27 0071132104 5499 4627 2470 441723
2016/12/30:12:03:27 0071132104 5499 4627 2470 441366
2016/12/30:13:03:27 0071132104 5499 4627 2470 441366
2016/12/30:14:03:27 0071132104 5499 4627 1870 443125
2016/12/30:15:03:27 0071132104 5499 4627 1870 444208
2016/12/30:16:03:27 0071132104 5499 4627 1870 444208
2016/12/30:17:03:27 0071132104 5499 4627 1870 446641
2016/12/30:18:03:27 0071132104 5499 4627 1870 447435
2016/12/30:19:03:27 0071132104 5499 4627 1870 447435
2016/12/30:20:03:27 0071132104 5499 4627 1870 450284
2016/12/30:21:03:27 0071132104 5499 4627 1870 451421
2016/12/30:22:03:27 0071132104 5499 4627 1870 451421
2016/12/30:23:03:27 0071132104 5499 4627 1870 453680
2016/12/31:00:03:27 0071132104 5499 4627 1870 454550
2016/12/31:01:03:27 0071132104 5499 4627 1870 454550
2016/12/31:02:03:27 0071132104 5499 4627 1870 456778
2016/12/31:03:03:27 0071132104 5499 4627 1870 457259
2016/12/31:04:03:27 0071132104 5499 4627 1870 457259
2016/12/31:05:03:27 0071132104 5499 4627 1870 457771
2016/12/31:06:03:27 0071132104 5499 4627 1870 457377
2016/12/31:07:03:27 0071132104 5499 4627 1870 457377
2016/12/31:08:03:28 0071132104 5499 4627 1870 456882
2016/12/31:09:03:27 0071132104 5499 4627 1870 456180
2016/12/31:10:03:27 0071132104 5499 4627 1870 456180
2016/12/31:11:03:27 0071132104 5499 4625 1870 455594
2016/12/31:12:03:27 0071132104 5499 4625 1870 455284
2016/12/31:13:03:27 0071132104 5499 4625 1870 455284
2016/12/31:14:03:27 0071132104 5499 4625 1870 456730
2016/12/31:15:03:27 0071132104 5499 4625 1870 457397
2016/12/31:16:03:27 0071132104 5499 4634 1870 457397
2016/12/31:17:03:27 0071132104 5499 4634 1870 459465
2016/12/31:18:03:27 0071132104 5499 4634 1870 460273
2016/12/31:19:03:27 0071132104 5499 4634 1870 460273
2016/12/31:20:03:26 0071132104 5499 4634 1870 462227
2017/01/01:19:03:28 0071132104 5499 4634 1870 464983
2017/01/01:20:03:26 0071132104 5499 4634 1870 467117
2017/01/01:21:03:26 0071132104 5499 4634 1870 467647
2017/01/01:22:03:27 0071132104 5499 4634 1870 467647
2017/01/01:23:03:26 0071132104 5499 4634 1870 469710
2017/01/02:00:03:28 0071132104 5499 4634 1870 470191
2017/01/02:01:03:27 0071132104 5499 4634 1870 470191
2017/01/02:02:03:27 0071132104 5499 4634 1870 472085
2017/01/02:03:03:26 0071132104 5499 4634 1870 472283
2017/01/02:04:03:27 0071132104 5499 4634 1870 472283
2017/01/02:05:03:26 0071132104 5499 4634 1870 472587
2017/01/02:06:03:27 0071132104 5499 4634 1870 472084
2017/01/02:07:03:26 0071132104 5499 4634 1870 472084
2017/01/02:08:03:27 0071132104 5499 4634 1870 471489
2017/01/02:09:03:27 0071132104 5499 4634 1870 470745
2017/01/02:10:03:27 0071132104 5499 4634 1870 470745
2017/01/02:11:03:27 0071132104 5499 4634 1870 470268
2017/01/02:12:03:27 0071132104 5499 4634 1870 469786
2017/01/02:13:03:27 0071132104 5499 4634 3000 469786
2017/01/02:14:03:26 0071132104 5499 4634 3000 471378
2017/01/02:15:03:26 0071132104 5499 4634 3000 29197
2017/01/02:16:03:26 0071132104 5499 4634 3000 29197
2017/01/02:17:03:27 0071132104 5499 4634 3000 43789
2017/01/02:18:03:26 0071132104 5499 4634 3000 51699
2017/01/02:19:03:26 0071132104 5499 4634 3000 51699
2017/01/02:20:03:27 0071132104 5499 4634 3000 66257
2017/01/02:21:03:27 0071132104 5499 4634 3000 74535
2017/01/02:22:03:26 0071132104 5499 4634 3000 74535
2017/01/29:12:06:53 0071132104 5499 4749 3000 155330
2017/01/29:12:44:14 0071132104 5499 4749 3000 155330
