Time: ISBN: Retail-Price: Lowest-New-Price: Lowest-Used-Price: Sales-Rank
2016/03/05:11:56:03 0071481273 4099 4099 2199 546209
2016/03/05:12:20:23 0071481273 4099 4099 2199 546209
2016/03/05:12:40:36 0071481273 4099 4099 2199 546209
2016/03/05:12:56:26 0071481273 4099 4099 2199 546209
2016/03/05:17:42:17 0071481273 4099 4099 2199 542079
2016/03/05:19:31:43 0071481273 4099 4099 2199 541741
2016/03/05:20:20:44 0071481273 4099 4099 2199 542628
2016/03/05:21:51:18 0071481273 4099 4099 2199 544898
2016/03/05:23:12:08 0071481273 4099 4099 2199 543614
2016/03/06:03:52:28 0071481273 4099 4099 2199 546501
2016/03/06:08:39:08 0071481273 4099 4099 2199 547289
2016/03/06:09:42:58 0071481273 4099 4099 2199 546590
2016/03/06:10:35:24 0071481273 4099 4099 2199 546968
2016/03/06:11:30:39 0071481273 4099 4099 2199 544465
2016/03/06:14:31:30 0071481273 4099 4099 2199 542393
2016/03/06:14:46:30 0071481273 4099 4099 2199 542393
2016/03/06:15:54:07 0071481273 4099 4099 2199 540441
2016/03/06:16:37:16 0071481273 4099 4099 2199 540441
2016/03/06:17:51:40 0071481273 4099 4099 2199 540284
2016/03/06:20:48:58 0071481273 4099 4099 2199 538242
2016/03/06:22:34:06 0071481273 4099 4099 2199 540579
2016/03/06:22:57:57 0071481273 4099 4099 2199 540611
2016/03/06:23:09:39 0071481273 4099 4099 2199 540611
2016/03/07:07:38:55 0071481273 4099 4099 2199 545019
2016/03/07:09:29:33 0071481273 4099 4099 2199 545019
2016/03/07:10:53:43 0071481273 4099 4099 2199 542049
2016/03/07:11:32:10 0071481273 4099 4099 2199 542679
2016/03/07:12:36:22 0071481273 4099 4099 2199 541846
2016/03/07:14:02:14 0071481273 4099 4099 2199 539795
2016/03/07:15:31:28 0071481273 4099 4099 2199 539018
2016/03/07:16:21:04 0071481273 4099 4099 2199 539018
2016/03/07:16:58:31 0071481273 4099 4099 2199 539291
2016/03/07:19:11:03 0071481273 4099 4099 2199 536682
2016/03/07:22:42:53 0071481273 4099 4099 2199 541357
2016/03/07:23:49:58 0071481273 4099 4099 2199 541624
2016/03/08:07:44:14 0071481273 4099 4099 2199 546755
2016/03/08:09:06:52 0071481273 4099 4099 2199 544591
2016/03/08:11:57:15 0071481273 4099 4099 2199 541166
2016/03/08:13:14:24 0071481273 4099 4099 2199 541165
2016/03/08:14:41:54 0071481273 4099 4099 2199 539097
2016/03/08:17:17:09 0071481273 4099 4099 2199 538631
2016/03/08:19:44:18 0071481273 4099 4099 2199 537114
2016/03/09:07:48:37 0071481273 4099 4099 2199 545833
2016/03/09:09:58:59 0071481273 4099 4099 2199 543517
2016/03/09:10:54:38 0071481273 4099 4099 2199 542667
2016/03/09:15:04:23 0071481273 4099 4099 2199 539016
2016/03/09:15:55:24 0071481273 4099 4099 2199 539045
2016/03/09:18:43:34 0071481273 4099 4099 2199 536540
2016/03/09:20:01:08 0071481273 4099 4099 2199 536627
2016/03/09:20:28:54 0071481273 4099 4099 2199 539668
2016/03/09:21:18:11 0071481273 4099 4099 2199 539668
2016/03/09:22:34:36 0071481273 4099 4099 2199 538201
2016/03/09:22:46:30 0071481273 4099 4099 2199 538201
2016/03/09:23:26:34 0071481273 4099 4099 2199 538201
2016/03/09:23:47:47 0071481273 4099 4099 2199 538194
2016/03/10:05:05:28 0071481273 4099 4099 2199 545724
2016/03/10:07:52:29 0071481273 4099 4099 2199 543558
2016/03/10:09:39:45 0071481273 4099 4099 2199 543867
2016/03/10:11:09:19 0071481273 4099 4099 2199 541915
2016/03/10:11:59:41 0071481273 4099 4099 2199 541915
2016/03/10:12:27:27 0071481273 4099 4099 2199 541914
2016/03/10:13:52:43 0071481273 4099 4099 2199 539238
2016/03/10:14:05:53 0071481273 4099 4099 2199 539238
2016/03/10:15:31:48 0071481273 4099 4099 2199 537032
2016/03/10:16:41:00 0071481273 4099 4099 2199 536324
2016/03/10:19:18:23 0071481273 4099 4099 2199 537009
2016/03/10:20:21:50 0071481273 4099 4099 2199 537280
2016/03/10:22:56:53 0071481273 4099 4099 2199 539765
2016/03/11:07:49:41 0071481273 4099 4099 2199 540759
2016/03/11:09:51:11 0071481273 4099 4099 2199 541995
2016/03/11:13:42:51 0071481273 4099 4099 2199 537102
2016/03/11:15:53:50 0071481273 4099 4099 2199 536000
2016/03/11:16:49:43 0071481273 4099 4099 2199 536045
2016/03/11:17:30:27 0071481273 4099 4099 2199 536352
2016/03/11:19:36:58 0071481273 4099 4099 2199 534170
2016/03/11:22:49:11 0071481273 4099 4099 2199 536924
2016/03/12:12:13:07 0071481273 4099 4099 2199 537497
2016/03/12:13:48:41 0071481273 4099 4099 2199 535515
2016/03/12:18:55:48 0071481273 4099 4099 2199 533922
2016/03/13:09:30:11 0071481273 4099 4099 2199 537206
2016/03/13:11:14:56 0071481273 4099 4099 2199 536054
2016/03/13:16:22:40 0071481273 4099 4099 2199 531652
2016/03/13:18:16:37 0071481273 4099 4099 2199 529548
2016/03/13:19:46:57 0071481273 4099 4099 2199 529591
2016/03/13:22:45:22 0071481273 4099 4099 2199 531338
2016/03/14:07:49:23 0071481273 4099 4099 2199 530405
2016/03/14:09:00:30 0071481273 4099 4099 2199 533754
2016/03/14:09:38:35 0071481273 4099 4099 2199 533754
2016/03/14:10:15:06 0071481273 4099 4099 2199 533754
2016/03/15:14:49:50 0071481273 4099 4099 2198 529091
2016/03/15:17:32:56 0071481273 4099 4099 2198 528094
2016/03/15:18:50:53 0071481273 4099 4099 2099 528208
2016/03/15:20:14:58 0071481273 4099 4099 2099 525478
2016/03/15:20:49:27 0071481273 4099 4099 2099 525700
2016/03/15:22:44:44 0071481273 4099 4099 2099 531345
2016/03/16:00:35:43 0071481273 4099 4099 2099 531344
2016/03/16:08:13:25 0071481273 4099 4099 2099 534416
2016/03/16:21:40:03 0071481273 4099 4099 2098 526775
2016/03/16:23:31:00 0071481273 4099 4099 2098 531128
2016/03/17:07:33:00 0071481273 4099 4099 2098 529813
2016/03/17:08:59:36 0071481273 4099 4099 2098 529813
2016/03/17:13:49:05 0071481273 4099 4099 2098 528488
2016/03/17:14:39:20 0071481273 4099 4099 2098 525953
2016/03/17:16:05:00 0071481273 4099 4099 2098 526186
2016/03/17:17:23:31 0071481273 4099 4099 2098 525014
2016/03/17:18:25:45 0071481273 4099 4099 2098 525142
2016/03/17:22:29:34 0071481273 4099 4099 2099 525510
2016/03/18:07:44:21 0071481273 4099 4099 2099 62855
2016/03/18:08:56:25 0071481273 4099 4099 2099 65591
2016/03/18:13:48:05 0071481273 4099 4099 2099 74034
2016/03/19:00:40:46 0071481273 4099 4099 2099 124897
2016/03/19:10:44:39 0071481273 4099 4099 2098 156755
2016/03/19:13:11:24 0071481273 4099 4099 2098 158575
2016/03/19:21:04:48 0071481273 4099 4099 2099 179615
2016/03/19:23:42:34 0071481273 4099 4099 2099 180704
2016/03/20:08:14:44 0071481273 4099 4099 2099 210658
2016/03/20:09:55:25 0071481273 4099 4099 2099 210658
2016/03/20:12:16:24 0071481273 4099 4099 2099 215025
2016/03/20:13:45:46 0071481273 4099 4099 2099 216079
2016/03/20:14:43:09 0071481273 4099 4099 2099 216173
2016/03/20:18:06:14 0071481273 4099 4099 2099 222101
2016/03/20:20:05:22 0071481273 4099 4099 2099 227765
2016/03/20:21:53:50 0071481273 4099 4099 2099 227901
2016/03/21:08:15:28 0071481273 4099 4099 2099 265713
2016/03/21:09:25:22 0071481273 4099 4099 2099 265713
2016/03/21:10:16:13 0071481273 4099 4099 2099 266730
2016/03/21:18:01:20 0071481273 4099 4099 2099 281192
2016/03/21:19:21:23 0071481273 4099 4099 2099 281231
2016/03/21:23:08:17 0071481273 4099 4099 2099 291942
2016/03/22:10:14:25 0071481273 4099 4099 2099 323848
2016/03/22:11:05:12 0071481273 4099 4099 2099 324296
2016/03/23:08:01:58 0071481273 4099 4099 2500 357966
2016/03/23:09:29:03 0071481273 4099 4099 2500 362450
2016/03/23:13:13:20 0071481273 4099 4099 2500 362692
2016/03/23:17:53:34 0071481273 4099 4099 2500 364581
2016/03/23:19:04:19 0071481273 4099 4099 2500 367955
2016/03/23:20:13:05 0071481273 4099 4099 2500 368066
2016/03/23:21:25:44 0071481273 4099 4099 2500 368066
2016/03/23:22:14:26 0071481273 4099 4099 2500 374000
2016/03/23:23:11:15 0071481273 4099 4099 2500 379835
2016/03/24:07:58:31 0071481273 4099 4099 2500 394189
2016/03/24:10:06:49 0071481273 4099 4099 2500 394190
2016/03/24:11:11:25 0071481273 4099 4099 2500 395415
2016/03/24:12:21:55 0071481273 4099 4099 2500 395692
2016/03/24:14:06:22 0071481273 4099 4099 2500 396070
2016/03/24:15:16:34 0071481273 4099 4099 2500 397982
2016/03/24:17:01:19 0071481273 4099 4099 2500 398084
2016/03/24:20:57:41 0071481273 4099 4099 2500 403261
2016/03/24:23:01:37 0071481273 4099 4099 2500 403404
2016/03/25:07:52:37 0071481273 4099 4099 2500 415834
2016/03/25:21:55:12 0071481273 4099 4099 2500 425746
2016/03/26:10:11:03 0071481273 4099 4099 2500 431679
2016/03/26:13:28:32 0071481273 4099 4099 2500 429913
2016/03/26:18:05:21 0071481273 4099 4099 2500 429119
2016/03/26:20:35:47 0071481273 4099 4099 2500 430775
2016/03/28:18:39:12 0071481273 4099 4099 2500 433733
2016/03/28:20:29:10 0071481273 4099 4099 2500 434504
2016/03/28:21:32:56 0071481273 4099 4099 2500 435097
2016/03/29:06:43:54 0071481273 4099 4099 2500 441574
2016/03/29:15:16:46 0071481273 4099 4099 2500 439799
2016/03/29:16:32:20 0071481273 4099 4099 2500 437732
2016/03/29:19:27:28 0071481273 4099 4099 2500 438304
2016/03/29:21:49:46 0071481273 4099 4099 2500 439389
2016/03/30:09:19:07 0071481273 4099 4099 2499 450698
2016/03/30:13:32:49 0071481273 4099 4099 2499 448611
2016/03/30:15:57:47 0071481273 4099 4099 2499 446749
2016/03/30:18:58:51 0071481273 4099 4099 2499 447122
2016/03/30:21:07:21 0071481273 4099 4099 2499 449529
2016/03/31:07:05:25 0071481273 4099 4099 2499 451610
2016/03/31:08:50:55 0071481273 4099 4099 2499 455591
2016/03/31:09:38:57 0071481273 4099 4099 2499 455591
2016/03/31:12:39:19 0071481273 4099 4099 2499 454159
2016/03/31:13:45:31 0071481273 4099 4099 2499 453629
2016/03/31:16:30:02 0071481273 4099 4099 2499 454510
2016/03/31:21:16:40 0071481273 4099 4099 2499 457517
2016/04/01:07:26:18 0071481273 4099 4099 2499 463615
2016/04/01:09:26:34 0071481273 4099 4099 2499 463161
2016/04/01:16:29:38 0071481273 4099 4099 2499 462813
2016/04/01:17:36:33 0071481273 4099 4099 2499 462812
2016/04/01:18:35:24 0071481273 4099 4099 2499 464421
2016/04/01:19:33:32 0071481273 4099 4099 2499 464421
2016/04/01:21:25:36 0071481273 4099 4099 2499 465909
2016/04/01:22:36:11 0071481273 4099 4099 2499 465909
2016/04/02:08:12:31 0071481273 4099 4099 2499 470426
2016/04/02:09:24:22 0071481273 4099 4099 2499 470610
2016/04/02:20:04:18 0071481273 4099 4099 2499 471818
2016/04/02:22:32:31 0071481273 4099 4099 2499 472823
2016/04/03:09:00:59 0071481273 4099 4099 2499 474517
2016/04/03:09:55:13 0071481273 4099 4099 2499 474517
2016/04/04:19:50:26 0071481273 4099 4099 2499 482693
2016/04/05:07:01:43 0071481273 4099 4099 2499 488172
2016/04/05:15:11:41 0071481273 4099 4099 2499 485123
2016/04/05:21:42:42 0071481273 4099 4099 2499 488840
2016/04/06:06:59:29 0071481273 4099 4099 2499 495393
2016/04/06:22:56:01 0071481273 4099 4099 2499 496689
2016/04/07:07:18:58 0071481273 4099 4099 2499 498725
2016/04/07:17:25:41 0071481273 4099 4099 2499 495827
2016/04/07:18:41:54 0071481273 4099 4099 2499 497857
2016/04/08:10:26:34 0071481273 4099 4099 2400 500949
2016/04/09:07:57:28 0071481273 4099 4099 2400 506527
2016/04/10:07:03:24 0071481273 4099 4099 2400 509662
2016/04/10:08:35:42 0071481273 4099 4099 2400 507822
2016/04/10:10:12:22 0071481273 4099 4099 2400 507822
2016/04/10:10:46:38 0071481273 4099 4099 2400 505243
2016/04/10:11:24:09 0071481273 4099 4099 2400 505243
2016/04/10:16:13:31 0071481273 4099 4099 2400 502502
2016/04/10:21:42:44 0071481273 4099 4099 2400 507419
2016/04/11:01:00:12 0071481273 4099 4099 2400 507407
2016/04/11:06:47:53 0071481273 4099 4099 2400 509923
2016/04/11:13:00:58 0071481273 4099 4099 2400 504009
2016/04/12:07:10:06 0071481273 4099 4099 2399 513177
2016/04/12:08:11:41 0071481273 4099 4099 2399 513520
2016/04/12:21:39:00 0071481273 4099 4099 2399 513081
2016/04/13:08:17:23 0071481273 4099 4099 2399 515362
2016/04/13:11:31:35 0071481273 4099 4099 2399 512997
2016/04/13:15:11:12 0071481273 4099 4099 2399 510054
2016/04/14:06:49:50 0071481273 4099 4099 2399 517608
2016/04/14:08:39:11 0071481273 4099 4099 2399 515208
2016/04/14:09:31:35 0071481273 4099 4099 2399 515208
2016/04/15:12:01:06 0071481273 4099 4099 2399 513512
2016/04/17:19:12:13 0071481273 4099 4099 2399 517262
2016/04/17:21:55:27 0071481273 4099 4099 2399 518011
2016/04/18:08:06:47 0071481273 4099 4099 2399 522050
2016/04/18:09:29:45 0071481273 4099 4099 2399 522050
2016/12/22:12:17:57 0071481273 4099 4000 2142 630020
2016/12/24:17:56:09 0071481273 4099 4000 2140 607021
2016/12/25:11:28:24 0071481273 4099 4000 2140 595569
2016/12/25:20:57:36 0071481273 4099 4000 2140 589703
2016/12/26:15:08:05 0071481273 4099 4000 2139 579149
2016/12/26:16:50:57 0071481273 4099 4000 2139 579621
2016/12/26:18:50:32 0071481273 4099 4000 2139 578919
2016/12/27:00:20:59 0071481273 4099 4000 2139 578177
2016/12/27:01:20:39 0071481273 4099 4000 2139 578403
2016/12/27:02:20:28 0071481273 4099 4000 2139 578403
2016/12/27:03:20:42 0071481273 4099 4000 2139 577322
2016/12/27:04:20:46 0071481273 4099 4000 2139 576309
2016/12/27:05:20:42 0071481273 4099 4000 2139 576309
2016/12/27:08:20:53 0071481273 4099 4000 2139 573223
2016/12/27:09:20:47 0071481273 4099 4000 2139 571689
2016/12/27:10:20:53 0071481273 4099 4000 2139 571689
2016/12/27:11:20:43 0071481273 4099 4000 2139 570575
2016/12/27:12:20:50 0071481273 4099 4000 2139 569748
2016/12/27:13:20:42 0071481273 4099 4000 2139 569748
2016/12/27:14:21:01 0071481273 4099 4000 2139 570391
2016/12/27:17:20:45 0071481273 4099 4000 2139 571195
2016/12/27:18:20:38 0071481273 4099 4000 2139 571195
2016/12/27:20:20:38 0071481273 4099 4000 2139 571618
2016/12/27:22:20:52 0071481273 4099 4000 2139 572307
2016/12/27:23:20:41 0071481273 4099 4000 2139 572307
2016/12/28:01:20:46 0071481273 4099 4000 2139 572032
2016/12/28:02:20:42 0071481273 4099 4000 2139 572896
2016/12/28:04:20:53 0071481273 4099 4000 2139 571038
2016/12/28:05:20:35 0071481273 4099 4000 2139 571038
2016/12/28:06:20:49 0071481273 4099 4000 2139 569457
2016/12/28:08:20:58 0071481273 4099 4000 2139 567965
2016/12/28:10:20:44 0071481273 4099 4000 2139 566416
2016/12/28:12:20:49 0071481273 4099 4000 2139 564709
2016/12/28:22:20:36 0071481273 4099 4000 2138 569547
2016/12/29:00:20:38 0071481273 4099 4000 2138 569162
2016/12/29:01:20:35 0071481273 4099 4000 2138 569162
2016/12/29:02:20:38 0071481273 4099 4000 2138 570141
2016/12/29:04:20:49 0071481273 4099 4000 2138 568744
2016/12/29:06:20:33 0071481273 4099 4000 2138 567370
2016/12/29:15:21:01 0071481273 4099 4000 2138 563953
2016/12/29:16:20:50 0071481273 4099 4000 2138 565622
2016/12/29:18:20:49 0071481273 4099 4000 2138 565787
2016/12/29:19:20:35 0071481273 4099 4000 2138 565787
2016/12/29:22:20:43 0071481273 4099 4000 2138 568636
2016/12/29:23:20:47 0071481273 4099 4000 2138 568636
2016/12/30:00:20:38 0071481273 4099 4000 2138 568653
2016/12/30:01:20:43 0071481273 4099 4000 2138 568653
2016/12/30:02:20:45 0071481273 4099 4000 2138 569551
2016/12/30:05:20:34 0071481273 4099 4000 2138 568552
2016/12/30:06:20:38 0071481273 4099 4000 2138 567148
2016/12/30:08:20:59 0071481273 4099 4000 2138 565787
2016/12/30:10:20:50 0071481273 4099 4000 2138 563418
2016/12/30:11:20:36 0071481273 4099 4000 2138 563418
2016/12/30:12:20:42 0071481273 4099 4000 2138 562652
2016/12/30:13:20:30 0071481273 4099 4000 2138 562652
2016/12/30:14:21:08 0071481273 4099 4000 2138 563808
2016/12/30:19:20:55 0071481273 4099 4000 2138 568575
2016/12/30:22:20:52 0071481273 4099 4000 2138 570210
2016/12/30:23:20:38 0071481273 4099 4000 2138 570210
2016/12/31:00:20:41 0071481273 4099 4000 2138 570228
2016/12/31:01:20:39 0071481273 4099 4000 2138 571164
2016/12/31:02:20:45 0071481273 4099 4000 2138 571164
2016/12/31:03:20:35 0071481273 4099 4000 2138 570654
2016/12/31:04:20:39 0071481273 4099 4000 2138 570654
2016/12/31:05:20:36 0071481273 4099 4000 2138 570203
2016/12/31:06:20:41 0071481273 4099 4000 2138 569015
2016/12/31:07:20:48 0071481273 4099 4000 2138 567804
2016/12/31:08:20:46 0071481273 4099 4000 2138 567804
2016/12/31:11:20:35 0071481273 4099 4000 2138 565587
2016/12/31:12:20:43 0071481273 4099 4000 2138 564855
2016/12/31:13:20:36 0071481273 4099 4000 2138 565635
2016/12/31:14:20:37 0071481273 4099 4000 2138 565635
2017/01/01:20:20:43 0071481273 4099 4000 2137 570086
2017/01/01:22:20:39 0071481273 4099 4000 2137 572867
2017/01/01:23:20:29 0071481273 4099 4000 2137 572867
2017/01/02:00:20:52 0071481273 4099 4000 2137 573490
2017/01/02:01:20:42 0071481273 4099 4000 2137 575150
2017/01/02:02:20:47 0071481273 4099 4000 2137 575150
2017/01/02:03:20:37 0071481273 4099 4000 2137 575244
2017/01/02:04:20:49 0071481273 4099 4000 2137 575244
2017/01/02:05:20:48 0071481273 4099 4000 2137 575378
2017/01/02:06:20:38 0071481273 4099 4000 2137 574729
2017/01/02:08:20:45 0071481273 4099 4000 2137 574000
2017/01/02:10:21:08 0071481273 4099 4000 2137 572394
2017/01/02:16:20:34 0071481273 4099 4000 2137 574034
2017/01/02:19:20:42 0071481273 4099 4000 2137 579832
