Time: ISBN: Retail-Price: Lowest-New-Price: Lowest-Used-Price: Sales-Rank 
2016/02/10:15:19:22 0198702264 3399 2599 2000 14574
2016/02/10:17:06:18 0198702264 3399 2599 2080 16181
2016/02/10:18:31:06 0198702264 3399 2599 2080 16181
2016/02/10:22:29:59 0198702264 3399 2599 2080 20543
2016/02/11:07:48:02 0198702264 3399 2599 2080 30699
2016/02/11:09:38:21 0198702264 3399 2599 2080 19107
2016/02/11:10:04:57 0198702264 3399 2599 2080 19107
2016/02/11:11:55:36 0198702264 3399 2659 2128 19031
2016/02/11:12:04:56 0198702264 3399 2659 2128 19031
2016/02/11:12:11:40 0198702264 3399 2659 2128 19031
2016/02/11:12:56:23 0198702264 3399 2659 2128 19576
2016/02/11:14:09:36 0198702264 3399 2659 2824 19576
2016/02/11:15:28:53 0198702264 3399 2659 2823 20514
2016/02/11:17:14:54 0198702264 3399 2659 2823 23641
2016/02/11:19:03:16 0198702264 3399 2659 2823 23645
2016/02/11:22:08:28 0198702264 3399 2659 2828 15435
2016/02/12:07:35:22 0198702264 3399 2659 2828 13510
2016/02/13:12:47:32 0198702264 3399 2659 2828 13889
2016/02/13:13:30:55 0198702264 3399 2659 2828 14160
2016/02/13:13:39:11 0198702264 3399 2659 2828 14160
2016/02/13:15:24:38 0198702264 3399 2659 2827 15832
2016/02/18:17:22:14 0198702264 3399 2500 2823 44026
2016/02/18:18:08:23 0198702264 3399 2500 2823 44102
2016/02/18:19:16:12 0198702264 3399 2500 2823 42482
2016/02/18:20:44:53 0198702264 3399 2500 2823 42592
2016/02/18:21:46:57 0198702264 3399 2500 2823 10671
2016/02/18:22:44:36 0198702264 3399 2500 2823 10671
2016/02/19:07:52:52 0198702264 3399 2500 2823 15122
2016/02/19:09:38:48 0198702264 3399 2500 2823 15124
2016/02/19:11:30:09 0198702264 3399 2500 2823 17426
2016/02/19:13:07:31 0198702264 3399 2500 2823 17929
2016/02/19:15:04:29 0198702264 3399 2500 2823 17929
2016/02/19:16:54:15 0198702264 3399 2500 2004 19966
2016/02/19:17:26:44 0198702264 3399 2500 1944 19966
2016/02/19:17:43:11 0198702264 3399 2500 1944 10943
2016/02/19:19:32:38 0198702264 3399 2500 1944 10943
2016/02/19:20:29:46 0198702264 3399 2500 1944 11193
2016/02/19:22:15:17 0198702264 3399 2500 1944 15159
2016/02/20:02:03:53 0198702264 3399 2500 1944 17764
2016/02/20:06:11:28 0198702264 3399 2500 1944 24442
2016/02/20:09:20:07 0198702264 3399 2500 1944 27080
2016/02/20:10:37:30 0198702264 3399 2500 1944 27083
2016/02/20:11:16:49 0198702264 3399 2500 1944 26809
2016/02/20:12:09:55 0198702264 3399 2500 1944 26809
2016/02/20:13:07:55 0198702264 3399 2500 1944 26809
2016/02/20:14:29:27 0198702264 3399 2500 1944 26867
2016/02/20:15:40:27 0198702264 3399 2500 1944 29732
2016/02/20:16:54:47 0198702264 3399 2500 1944 29732
2016/02/20:18:49:44 0198702264 3399 2500 2818 36988
2016/02/20:19:41:19 0198702264 3399 2500 2817 33586
2016/02/20:21:22:17 0198702264 3399 2500 2815 33586
2016/02/20:21:45:52 0198702264 3399 2500 2815 45244
2016/02/21:02:26:52 0198702264 3399 2500 2815 18061
2016/02/21:09:47:26 0198702264 3399 2500 2815 26887
2016/02/21:10:54:39 0198702264 3399 2500 2815 26887
2016/02/21:11:45:39 0198702264 3399 2500 2815 26964
2016/02/21:14:15:40 0198702264 3399 2500 2815 27088
2016/02/21:15:01:10 0198702264 3399 2657 2815 27088
2016/02/21:17:22:47 0198702264 3399 2657 2818 37694
2016/02/21:17:46:49 0198702264 3399 2657 2818 37694
2016/02/21:18:17:17 0198702264 3399 2657 2818 37708
2016/02/21:20:16:58 0198702264 3399 2657 2820 35769
2016/02/21:22:04:31 0198702264 3399 2657 2820 48847
2016/02/21:22:28:49 0198702264 3399 2657 2820 48847
2016/02/21:23:39:32 0198702264 3399 2657 2818 44478
2016/02/22:07:51:12 0198702264 3399 2657 2820 20678
2016/02/22:09:54:42 0198702264 3399 2657 2818 20444
2016/02/22:11:05:49 0198702264 3399 2657 2818 22408
2016/02/22:12:03:34 0198702264 3399 2657 2821 22408
2016/02/22:15:24:04 0198702264 3399 2657 2818 22694
2016/02/22:16:46:46 0198702264 3399 2657 2818 24886
2016/02/23:09:34:54 0198702264 3399 2657 2818 33442
2016/02/23:11:01:12 0198702264 3399 2657 2820 37667
2016/02/23:12:04:07 0198702264 3399 2657 2820 35712
2016/02/23:13:54:38 0198702264 3399 2657 2818 35373
2016/02/23:15:10:11 0198702264 3399 2657 2820 36844
2016/02/23:16:08:57 0198702264 3399 2657 2820 36844
2016/02/23:17:29:34 0198702264 3399 2657 2820 43136
2016/02/24:09:18:39 0198702264 3399 2657 2817 79290
2016/02/24:11:21:20 0198702264 3399 2657 2815 73616
2016/02/24:13:11:35 0198702264 3399 2657 2813 67315
2016/02/24:14:15:55 0198702264 3399 2657 2812 67485
2016/02/24:16:51:17 0198702264 3399 2657 2810 67485
2016/02/24:19:44:11 0198702264 3399 2657 2810 73236
2016/02/24:21:12:38 0198702264 3399 2657 2810 86187
2016/02/24:22:45:38 0198702264 3399 2657 2810 86187
2016/02/24:23:08:29 0198702264 3399 2657 2810 86187
2016/02/25:08:09:05 0198702264 3399 2657 2807 110657
2016/02/25:09:02:35 0198702264 3399 2657 2806 110657
2016/02/25:10:12:39 0198702264 3399 2657 2806 107671
2016/02/25:11:37:47 0198702264 3399 2657 2804 104719
2016/02/25:15:22:38 0198702264 3399 2657 2804 98571
2016/02/25:16:55:03 0198702264 3399 2657 2804 100936
2016/02/25:19:04:53 0198702264 3399 2657 2803 100975
2016/02/25:21:37:24 0198702264 3399 2657 2801 102741
2016/02/25:22:34:32 0198702264 3399 2657 2800 102741
2016/02/26:07:33:54 0198702264 3399 2687 2794 18875
2016/02/26:08:50:46 0198702264 3399 2687 2791 18880
2016/02/26:09:53:15 0198702264 3399 2687 2791 19558
2016/02/26:10:54:29 0198702264 3399 2667 2789 19559
2016/02/26:13:22:59 0198702264 3399 2665 2787 13241
2016/02/26:15:31:31 0198702264 3399 2665 2785 16369
2016/02/26:19:55:41 0198702264 3399 2665 2783 20922
2016/02/26:22:51:09 0198702264 3399 2665 2780 14688
2016/02/26:23:53:41 0198702264 3399 2665 2779 14688
2016/02/27:08:11:26 0198702264 3399 2665 2777 26726
2016/02/27:09:42:32 0198702264 3399 2665 2776 28425
2016/02/27:10:42:59 0198702264 3399 2665 2775 28432
2016/02/27:12:22:09 0198702264 3399 2665 2773 28030
2016/02/27:14:27:31 0198702264 3399 2659 2772 28160
2016/02/27:16:34:28 0198702264 3399 2659 2782 28549
2016/02/27:17:09:48 0198702264 3399 2659 2782 28550
2016/02/27:17:51:32 0198702264 3399 2659 2782 28550
2016/02/27:19:45:38 0198702264 3399 2659 2782 34099
2016/02/27:23:58:19 0198702264 3399 2659 2780 48719
2016/02/28:00:30:03 0198702264 3399 2659 2780 48719
2016/02/28:03:44:28 0198702264 3399 2659 2779 59991
2016/02/28:10:29:03 0198702264 3399 2659 2775 66522
2016/02/28:11:16:55 0198702264 3399 2659 2774 66799
2016/02/28:13:19:55 0198702264 3399 2659 2772 62021
2016/02/28:17:24:20 0198702264 3399 2659 2782 57560
2016/02/28:19:36:08 0198702264 3399 2659 2782 64971
2016/02/28:20:51:01 0198702264 3399 2659 2782 65167
2016/02/28:22:22:32 0198702264 3399 2659 2780 77682
2016/02/28:23:02:23 0198702264 3399 2659 2780 77886
2016/02/29:09:28:26 0198702264 3399 2657 2772 110763
2016/02/29:10:36:28 0198702264 3399 2657 2771 106281
2016/02/29:11:58:15 0198702264 3399 2657 2771 106342
2016/02/29:12:27:19 0198702264 3399 2657 2771 105259
2016/02/29:12:46:35 0198702264 3399 2657 2771 105259
2016/02/29:13:50:19 0198702264 3399 2657 2771 105354
2016/02/29:15:26:38 0198702264 3399 2657 2770 98877
2016/02/29:15:48:02 0198702264 3399 2657 2770 98877
2016/02/29:16:22:39 0198702264 3399 2657 2770 98877
2016/03/01:02:16:30 0198702264 3399 2657 2258 116611
2016/03/01:09:32:50 0198702264 3399 2652 2256 137743
2016/03/01:11:57:15 0198702264 3399 2652 2255 137826
2016/03/01:14:54:30 0198702264 3399 2652 2255 133798
2016/03/01:15:20:00 0198702264 3399 2652 2255 134032
2016/03/01:18:43:26 0198702264 3399 2652 2255 133827
2016/03/01:20:04:02 0198702264 3399 2652 2255 133891
2016/03/01:21:02:56 0198702264 3399 2652 2255 141350
2016/03/01:21:55:01 0198702264 3399 2652 2255 141350
2016/03/01:23:10:35 0198702264 3399 2652 2255 135733
2016/03/01:23:26:05 0198702264 3399 2652 2255 135733
2016/03/02:07:26:48 0198702264 3399 2646 2253 148759
2016/03/02:09:41:19 0198702264 3399 2644 2253 146146
2016/03/02:12:01:41 0198702264 3399 2641 2252 153318
2016/03/02:12:49:52 0198702264 3399 2640 2252 152568
2016/03/02:15:54:02 0198702264 3399 2637 2249 151330
2016/03/02:16:49:21 0198702264 3399 2637 2249 29546
2016/03/02:18:45:03 0198702264 3399 2637 2249 39612
2016/03/02:19:32:26 0198702264 3399 2637 2249 39612
2016/03/02:19:39:25 0198702264 3399 2637 2249 39612
2016/03/02:21:24:08 0198702264 3399 2637 2249 57627
2016/03/02:23:07:34 0198702264 3399 2637 2249 56946
2016/03/03:09:26:35 0198702264 3399 2635 2247 89933
2016/03/03:10:22:13 0198702264 3399 2634 2247 89933
2016/03/03:10:37:21 0198702264 3399 2634 2247 89933
2016/03/03:11:38:45 0198702264 3399 2634 2246 97491
2016/03/03:12:14:47 0198702264 3399 2634 2246 97491
2016/03/03:12:38:41 0198702264 3399 2634 2246 97491
2016/03/03:13:01:14 0198702264 3399 2634 2246 94784
2016/03/03:15:13:10 0198702264 3399 2634 2246 91543
2016/03/03:17:12:05 0198702264 3399 2634 2246 91845
2016/03/03:17:45:58 0198702264 3399 2634 2246 91845
2016/03/03:18:05:16 0198702264 3399 2634 2246 91845
2016/03/03:18:31:57 0198702264 3399 2634 2246 95937
2016/03/03:19:55:02 0198702264 3399 2634 2246 96049
2016/03/03:20:41:18 0198702264 3399 2634 2246 105394
2016/03/04:07:33:08 0198702264 3399 2632 2244 34295
2016/03/04:09:11:34 0198702264 3399 2632 2244 40442
2016/03/04:09:46:30 0198702264 3399 2632 2244 40442
2016/03/04:11:07:27 0198702264 3399 2632 2241 40442
2016/03/04:11:34:49 0198702264 3399 2632 2241 41974
2016/03/04:11:53:26 0198702264 3399 2632 2241 41974
2016/03/04:13:04:32 0198702264 3399 2632 2238 42722
2016/03/04:16:24:43 0198702264 3399 2632 2232 46252
2016/03/04:17:02:30 0198702264 3399 2632 2231 54459
2016/03/04:19:26:39 0198702264 3399 2632 2226 65792
2016/03/04:20:06:01 0198702264 3399 2632 2226 65792
2016/03/04:21:13:23 0198702264 3399 2632 2223 65792
2016/03/04:22:35:31 0198702264 3399 2632 2222 81247
2016/03/04:23:30:33 0198702264 3399 2629 2220 81247
2016/03/05:08:40:37 0198702264 3399 2620 2217 101566
2016/03/05:09:56:54 0198702264 3399 2620 2217 104877
2016/03/05:10:55:04 0198702264 3399 2619 2216 101818
2016/03/05:11:50:21 0198702264 3399 2619 2216 101818
2016/03/05:12:14:43 0198702264 3399 2617 2214 101818
2016/03/05:12:35:01 0198702264 3399 2617 2214 101818
2016/03/05:12:50:50 0198702264 3399 2617 2213 101818
2016/03/05:17:36:40 0198702264 3399 2608 2205 95703
2016/03/05:19:26:10 0198702264 3399 2607 2204 95748
2016/03/05:20:15:10 0198702264 3399 2604 2201 98953
2016/03/05:21:45:45 0198702264 3399 2604 2201 105709
2016/03/05:23:06:33 0198702264 3399 2601 2199 105709
2016/03/06:03:46:54 0198702264 3399 2601 2198 112107
2016/03/06:08:33:35 0198702264 3399 2592 2196 122209
2016/03/06:09:37:24 0198702264 3399 2592 2196 125470
2016/03/06:10:29:49 0198702264 3399 2589 2195 125848
2016/03/06:11:25:00 0198702264 3399 2562 2195 125848
2016/03/06:13:31:29 0198702264 3399 2559 2195 124137
2016/03/06:14:25:55 0198702264 3399 2558 2193 124137
2016/03/06:14:40:57 0198702264 3399 2558 2193 124137
2016/03/06:15:48:31 0198702264 3399 2556 2100 122798
2016/03/06:16:31:42 0198702264 3399 2555 2099 122798
2016/03/06:17:46:07 0198702264 3399 2555 2099 124480
2016/03/06:20:43:24 0198702264 3399 2552 2096 120473
2016/03/06:22:28:33 0198702264 3399 2549 2093 126465
2016/03/06:22:52:24 0198702264 3399 2549 2093 126497
2016/03/06:23:04:05 0198702264 3399 2549 2093 126497
2016/03/07:07:33:19 0198702264 3399 2549 2093 31264
2016/03/07:09:23:59 0198702264 3399 2549 2093 31497
2016/03/07:10:48:10 0198702264 3399 2549 2093 31601
2016/03/07:11:26:36 0198702264 3399 2549 2093 31608
2016/03/07:12:30:48 0198702264 3399 2549 2093 34549
2016/03/07:13:56:41 0198702264 3399 2549 2093 38017
2016/03/07:15:25:54 0198702264 3399 2549 2093 38017
2016/03/07:16:15:30 0198702264 3399 2549 2093 45773
2016/03/07:16:52:58 0198702264 3399 2549 2093 45834
2016/03/07:19:05:29 0198702264 3399 2547 2091 45755
2016/03/07:22:37:18 0198702264 3399 2546 2090 73024
2016/03/07:23:44:25 0198702264 3399 2546 2090 73291
2016/03/08:07:38:40 0198702264 3399 2534 2088 35350
2016/03/08:09:01:19 0198702264 3399 2534 2088 35234
2016/03/08:11:51:42 0198702264 3399 2512 2087 38710
2016/03/08:13:08:50 0198702264 3399 2511 2087 38710
2016/03/08:14:36:21 0198702264 3399 2511 2085 41536
2016/03/08:17:11:36 0198702264 3399 2498 2084 49416
2016/03/08:19:38:45 0198702264 3399 2498 2082 53293
2016/03/09:07:43:03 0198702264 3399 2498 2100 33729
2016/03/09:09:53:25 0198702264 3399 2498 2100 33796
2016/03/09:10:48:56 0198702264 3399 2498 2100 36858
2016/03/09:14:58:49 0198702264 3399 2436 2100 43123
2016/03/09:15:49:50 0198702264 3399 2436 2100 43137
2016/03/09:18:38:00 0198702264 3399 2436 1944 53401
2016/03/09:19:55:33 0198702264 3399 2436 1944 53478
2016/03/09:20:23:19 0198702264 3399 2436 1893 53478
2016/03/09:21:12:07 0198702264 3399 2436 1893 20813
2016/03/09:22:29:00 0198702264 3399 2436 1893 20813
2016/03/09:22:40:55 0198702264 3399 2436 1893 20813
2016/03/09:23:21:00 0198702264 3399 2436 1893 21355
2016/03/09:23:42:12 0198702264 3399 2436 1893 21355
2016/03/10:04:59:55 0198702264 3399 2436 1893 42508
2016/03/10:07:46:56 0198702264 3399 2436 1893 40795
2016/03/10:09:33:21 0198702264 3399 2436 1893 47373
2016/03/10:10:40:30 0198702264 3399 2436 1893 47373
2016/03/10:11:03:19 0198702264 3399 2436 1893 46303
2016/03/10:11:54:04 0198702264 3399 2436 1893 46303
2016/03/10:12:21:52 0198702264 3399 2436 1893 46302
2016/03/10:13:47:08 0198702264 3399 2531 1893 45011
2016/03/10:14:00:18 0198702264 3399 2531 1893 45011
2016/03/10:15:26:14 0198702264 3399 2531 1893 46768
2016/03/10:16:35:26 0198702264 3399 2531 2100 46787
2016/03/10:19:12:41 0198702264 3399 2531 1002 62982
2016/03/10:20:16:16 0198702264 3399 2529 1002 63247
2016/03/10:22:51:19 0198702264 3399 2528 925 77660
2016/03/11:07:44:08 0198702264 3399 2522 925 36912
2016/03/11:09:45:14 0198702264 3399 2522 925 42993
2016/03/11:13:37:13 0198702264 3399 2519 925 43262
2016/03/11:15:45:30 0198702264 3399 2519 925 47742
2016/03/11:16:43:26 0198702264 3399 2519 925 47755
2016/03/11:17:24:48 0198702264 3399 2519 925 47755
2016/03/11:19:31:25 0198702264 3399 2517 925 56538
2016/03/11:22:43:37 0198702264 3399 2516 925 70227
2016/03/12:12:07:33 0198702264 3399 2508 924 88757
2016/03/12:13:43:06 0198702264 3399 2507 924 85390
2016/03/12:18:49:57 0198702264 3399 2504 925 87340
2016/03/13:09:24:38 0198702264 3399 2498 925 24145
2016/03/13:11:09:23 0198702264 3399 2495 925 25609
2016/03/13:16:17:07 0198702264 3399 2490 925 28746
2016/03/13:18:10:58 0198702264 3399 2489 925 41814
2016/03/13:19:41:23 0198702264 3399 2487 925 41814
2016/03/13:22:39:47 0198702264 3399 2487 925 59625
2016/03/14:07:43:48 0198702264 3399 2657 925 69603
2016/03/14:08:54:56 0198702264 3399 2657 925 84261
2016/03/14:09:33:02 0198702264 3399 2657 925 84261
2016/03/14:10:09:32 0198702264 3399 2657 925 84261
2016/03/15:14:37:14 0198702264 3399 2500 925 120572
2016/03/15:17:20:18 0198702264 3399 2500 925 29451
2016/03/15:18:38:16 0198702264 3399 2500 925 29451
2016/03/15:20:02:22 0198702264 3399 2500 925 30059
2016/03/15:20:37:01 0198702264 3399 2500 925 30060
2016/03/15:22:32:07 0198702264 3399 2499 925 45063
2016/03/16:00:23:12 0198702264 3399 2499 1002 60248
2016/03/16:08:00:58 0198702264 3399 2499 1002 24823
2016/03/16:21:27:23 0198702264 3399 2499 912 58217
2016/03/16:23:18:13 0198702264 3399 2499 912 58302
2016/03/17:07:20:18 0198702264 3399 2499 912 88141
2016/03/17:08:47:01 0198702264 3399 2499 912 80668
2016/03/17:13:36:19 0198702264 3399 2499 912 83699
2016/03/17:14:26:40 0198702264 3399 2499 912 80443
2016/03/17:15:52:17 0198702264 3399 2499 911 80676
2016/03/17:17:10:53 0198702264 3399 2499 912 21060
2016/03/17:18:12:54 0198702264 3399 2499 912 26744
2016/03/17:22:16:37 0198702264 3399 2499 911 36942
2016/03/18:07:31:38 0198702264 3399 2499 911 73484
2016/03/18:08:43:48 0198702264 3399 2499 911 70876
2016/03/18:13:35:15 0198702264 3399 2499 911 68259
2016/03/19:00:27:56 0198702264 3399 2499 911 93454
2016/03/19:10:31:56 0198702264 3399 2493 911 112975
2016/03/19:12:06:27 0198702264 3399 2493 911 109523
2016/03/19:12:58:47 0198702264 3399 2490 911 109773
2016/03/19:20:52:05 0198702264 3399 2484 911 113603
2016/03/19:23:29:52 0198702264 3399 2481 911 109544
2016/03/20:08:01:47 0198702264 3399 2475 911 125334
2016/03/20:09:42:41 0198702264 3399 2475 911 125334
2016/03/20:12:03:41 0198702264 3399 2472 911 125672
2016/03/20:13:32:54 0198702264 3399 2472 911 124877
2016/03/20:14:30:25 0198702264 3399 2470 911 124877
2016/03/20:17:53:36 0198702264 3399 2466 911 127128
2016/03/20:19:52:47 0198702264 3399 2466 911 127144
2016/03/20:21:41:01 0198702264 3399 2466 911 130778
2016/03/21:08:02:48 0198702264 3399 2463 911 150813
2016/03/21:09:12:46 0198702264 3399 2461 911 150813
2016/03/21:10:03:34 0198702264 3399 2460 911 146878
2016/03/21:17:48:46 0198702264 3399 2454 911 149867
2016/03/21:19:08:45 0198702264 3399 2454 911 149907
2016/03/21:22:55:32 0198702264 3399 2454 911 30260
2016/03/22:10:01:55 0198702264 3399 2451 911 79998
2016/03/22:10:52:39 0198702264 3399 2449 911 79998
2016/03/22:11:52:22 0198702264 3399 2448 911 80368
2016/03/23:07:46:05 0198702264 3399 2442 911 56363
2016/03/23:09:13:15 0198702264 3399 2442 911 56556
2016/03/23:12:57:27 0198702264 3399 2442 911 17156
2016/03/23:13:56:00 0198702264 3399 2442 911 17156
2016/03/23:17:37:32 0198702264 3399 2442 911 22024
2016/03/23:18:48:33 0198702264 3399 2442 911 27576
2016/03/23:19:57:12 0198702264 3399 2442 911 27579
2016/03/23:21:09:58 0198702264 3399 2442 911 27579
2016/03/23:21:58:35 0198702264 3399 2442 911 27579
2016/03/23:22:55:20 0198702264 3399 2442 911 40349
2016/03/24:07:42:38 0198702264 3399 2442 911 33002
2016/03/24:09:51:00 0198702264 3399 2442 911 32609
2016/03/24:10:55:31 0198702264 3399 2442 911 33945
2016/03/24:12:06:06 0198702264 3399 2442 911 33952
2016/03/24:13:50:29 0198702264 3399 2437 911 34553
2016/03/24:15:00:30 0198702264 3399 2435 911 41799
2016/03/24:16:45:23 0198702264 3399 2434 911 41799
2016/03/24:18:31:48 0198702264 3399 2432 911 51422
2016/03/24:20:41:52 0198702264 3399 2434 911 58545
2016/03/24:22:45:03 0198702264 3399 2431 912 59920
2016/03/25:07:36:20 0198702264 3399 2429 912 34312
2016/03/25:09:11:36 0198702264 3399 2428 912 18584
2016/03/25:21:38:26 0198702264 3399 2361 912 39188
2016/03/26:09:54:33 0198702264 3399 2355 912 56831
2016/03/26:13:12:12 0198702264 3399 2297 912 54215
2016/03/26:17:48:59 0198702264 3399 2297 912 54866
2016/03/26:20:19:31 0198702264 3399 2294 912 60876
2016/03/27:13:41:55 0198702264 3399 2233 912 89036
2016/03/28:18:22:44 0198702264 3399 2170 912 48350
2016/03/28:20:12:48 0198702264 3399 2170 912 57852
2016/03/28:21:16:42 0198702264 3399 2170 912 57852
2016/03/29:06:27:38 0198702264 3399 2165 912 16602
2016/03/29:07:35:18 0198702264 3399 2164 912 16602
2016/03/29:10:43:40 0198702264 3399 2114 912 19245
2016/03/29:15:00:29 0198702264 3399 2111 912 21573
2016/03/29:16:15:25 0198702264 3399 2111 912 23364
2016/03/29:19:11:11 0198702264 3399 2111 912 30985
2016/03/29:21:33:21 0198702264 3399 2111 912 14532
2016/03/30:09:02:43 0198702264 3399 2108 912 23033
2016/03/30:13:16:37 0198702264 3399 2060 912 23922
2016/03/30:15:41:27 0198702264 3399 2060 912 24934
2016/03/30:16:24:06 0198702264 3399 2060 912 24934
2016/03/30:18:42:31 0198702264 3399 2060 912 37661
2016/03/30:20:51:11 0198702264 3399 2060 912 49589
2016/03/31:06:49:16 0198702264 3399 2060 912 25839
2016/03/31:08:34:32 0198702264 3399 2060 912 32334
2016/03/31:09:22:42 0198702264 3399 2060 912 32334
2016/03/31:12:22:42 0198702264 3399 2009 912 33338
2016/03/31:13:29:00 0198702264 3399 2009 912 33338
2016/03/31:14:19:08 0198702264 3399 2009 912 37739
2016/03/31:16:13:36 0198702264 3399 2009 912 46968
2016/03/31:21:00:11 0198702264 3399 2009 912 64755
2016/04/01:07:10:01 0198702264 3399 2009 912 86364
2016/04/01:08:20:47 0198702264 3399 2009 912 83567
2016/04/01:09:10:20 0198702264 3399 2009 912 83567
2016/04/01:16:13:33 0198702264 3399 1959 912 77193
2016/04/01:17:20:19 0198702264 3399 1959 912 77193
2016/04/01:18:19:17 0198702264 3399 1959 912 77193
2016/04/01:19:17:22 0198702264 3399 1959 912 81690
2016/04/01:21:09:19 0198702264 3399 1959 912 87596
2016/04/01:22:19:57 0198702264 3399 1959 912 87596
2016/04/02:07:56:12 0198702264 3399 1959 912 28457
2016/04/02:09:08:07 0198702264 3399 1959 912 31289
2016/04/02:19:47:52 0198702264 3399 2499 912 59693
2016/04/02:22:16:11 0198702264 3399 2499 912 68095
2016/04/03:08:44:46 0198702264 3399 2499 912 89735
2016/04/03:09:38:57 0198702264 3399 2499 912 89949
2016/04/04:19:34:06 0198702264 3399 1820 912 135495
2016/04/04:22:15:01 0198702264 3399 1820 912 140900
2016/04/05:06:45:19 0198702264 3399 1820 912 153425
2016/04/05:14:55:17 0198702264 3399 2066 912 148216
2016/04/05:15:47:51 0198702264 3399 2066 912 151381
2016/04/05:21:26:12 0198702264 3399 2066 912 163625
2016/04/06:06:43:03 0198702264 3399 2066 912 180280
2016/04/06:10:29:39 0198702264 3399 2066 1002 167319
2016/04/06:14:15:57 0198702264 3399 2047 1002 164867
2016/04/06:22:39:25 0198702264 3399 2047 1002 63762
2016/04/07:07:02:26 0198702264 3399 2047 1002 94282
2016/04/07:17:08:53 0198702264 3399 2001 1002 98839
2016/04/07:18:25:26 0198702264 3399 2001 1002 104893
2016/04/08:10:09:51 0198702264 3399 2001 1002 135000
2016/04/09:07:40:42 0198702264 3399 1953 1002 154605
2016/04/10:06:46:51 0198702264 3399 1912 1002 65833
2016/04/10:08:18:57 0198702264 3399 1912 1002 67131
2016/04/10:09:55:44 0198702264 3399 1912 1002 67132
2016/04/10:10:30:12 0198702264 3399 1912 1002 67132
2016/04/10:11:07:36 0198702264 3399 1912 1002 66592
2016/04/10:15:56:52 0198702264 3399 1997 1002 71039
2016/04/10:21:25:44 0198702264 3399 1997 1002 82786
2016/04/11:00:43:33 0198702264 3399 1997 1002 96872
2016/04/11:06:31:09 0198702264 3399 1997 1002 120662
2016/04/11:08:31:55 0198702264 3399 1997 1002 123317
2016/04/11:12:44:33 0198702264 3399 1997 1002 126218
2016/04/12:06:53:18 0198702264 3399 1998 1002 161518
2016/04/12:07:55:11 0198702264 3399 1998 1002 161860
2016/04/12:09:14:52 0198702264 3399 1998 1002 157592
2016/04/12:12:52:19 0198702264 3399 1998 1002 154447
2016/04/12:21:22:18 0198702264 3399 1998 1002 175691
2016/04/13:08:00:58 0198702264 3399 1998 1002 187688
2016/04/13:11:15:12 0198702264 3399 1998 1002 183351
2016/04/13:14:54:47 0198702264 3399 1998 1002 179153
2016/04/13:15:46:44 0198702264 3399 1998 1002 179177
2016/04/14:06:33:36 0198702264 3399 2500 1002 202331
2016/04/14:08:23:02 0198702264 3399 2500 1002 202567
2016/04/14:09:15:26 0198702264 3399 2500 1002 29046
2016/04/15:11:44:55 0198702264 3399 2500 1002 114331
2016/04/17:18:55:54 0198702264 3399 2124 1002 165164
2016/04/17:21:39:19 0198702264 3399 2124 1002 167922
2016/04/18:07:50:39 0198702264 3399 2124 1002 189401
2016/04/18:09:13:32 0198702264 3399 2124 1002 188159
2016/11/27:12:06:29 0198702264 0 1639 1169 330262
2016/12/22:10:12:32 0198702264 0 1177 991 343996
2016/12/22:12:07:52 0198702264 0 1177 991 341369
2016/12/24:17:46:00 0198702264 0 1065 988 295690
2016/12/24:20:14:41 0198702264 0 1065 988 292820
2016/12/24:23:05:47 0198702264 0 1065 988 288884
2016/12/25:11:18:20 0198702264 0 1011 988 267004
2016/12/25:20:47:16 0198702264 0 1011 987 261848
2016/12/26:14:58:08 0198702264 0 961 986 243321
2016/12/26:16:40:53 0198702264 0 961 986 245604
2016/12/26:18:40:38 0198702264 0 961 986 245500
2016/12/27:00:10:48 0198702264 0 961 986 247725
2016/12/27:01:10:40 0198702264 0 961 986 247725
2016/12/27:02:10:38 0198702264 0 961 986 248881
2016/12/27:03:10:42 0198702264 0 961 986 247709
2016/12/27:04:10:43 0198702264 0 961 986 247709
2016/12/27:05:10:42 0198702264 0 961 986 246925
2016/12/27:08:10:46 0198702264 0 961 986 242681
2016/12/27:09:10:44 0198702264 0 961 986 240470
2016/12/27:10:10:48 0198702264 0 961 986 240470
2016/12/27:11:10:42 0198702264 0 913 986 239212
2016/12/27:12:10:50 0198702264 0 913 985 238487
2016/12/27:13:10:41 0198702264 0 913 985 238487
2016/12/27:14:10:47 0198702264 0 913 985 240686
2016/12/27:16:10:41 0198702264 0 913 985 241703
2016/12/27:17:10:44 0198702264 0 913 985 244984
2016/12/27:18:10:41 0198702264 0 913 985 244984
2016/12/27:20:10:40 0198702264 0 913 985 248953
2016/12/27:22:10:46 0198702264 0 913 912 249778
2016/12/27:23:10:40 0198702264 0 913 912 252897
2016/12/28:01:10:42 0198702264 0 913 912 253842
2016/12/28:02:10:41 0198702264 0 913 912 256620
2016/12/28:04:10:44 0198702264 0 914 912 256645
2016/12/28:05:10:36 0198702264 0 914 912 256510
2016/12/28:06:10:45 0198702264 0 914 912 255118
2016/12/28:08:10:42 0198702264 0 914 912 253827
2016/12/28:10:10:38 0198702264 0 1639 912 252405
2016/12/28:12:10:39 0198702264 0 1639 912 251696
2016/12/28:14:10:39 0198702264 0 1639 912 254782
2016/12/28:17:10:37 0198702264 0 1639 912 260741
2016/12/28:18:10:37 0198702264 0 1639 912 260741
2016/12/28:22:10:33 0198702264 0 1639 912 267390
2016/12/29:00:10:38 0198702264 0 1639 912 272384
2016/12/29:01:10:37 0198702264 0 1639 912 272384
2016/12/29:02:10:36 0198702264 0 1639 912 275807
2016/12/29:04:10:44 0198702264 0 1639 912 276007
2016/12/29:05:10:33 0198702264 0 1639 912 276100
2016/12/29:06:10:34 0198702264 0 1639 912 274748
2016/12/29:07:10:38 0198702264 0 1639 912 274748
2016/12/29:08:10:40 0198702264 0 1639 912 273360
2016/12/29:10:10:42 0198702264 0 1639 912 271823
2016/12/29:12:10:39 0198702264 0 1639 911 270893
2016/12/29:15:10:49 0198702264 0 1639 911 275641
2016/12/29:16:10:41 0198702264 0 1639 910 275641
2016/12/29:17:10:43 0198702264 0 1639 910 279861
2016/12/29:18:10:43 0198702264 0 1639 910 281273
2016/12/29:19:10:36 0198702264 0 1639 910 281273
2016/12/29:20:10:50 0198702264 0 1639 910 284825
2016/12/29:22:10:42 0198702264 0 1639 910 285782
2016/12/29:23:10:43 0198702264 0 1639 910 288644
2016/12/30:00:10:37 0198702264 0 1639 910 289272
2016/12/30:01:10:42 0198702264 0 1639 910 289272
2016/12/30:02:10:40 0198702264 0 1639 910 291638
2016/12/30:04:10:41 0198702264 0 1639 910 291031
2016/12/30:05:10:35 0198702264 0 1639 910 290446
2016/12/30:06:10:39 0198702264 0 1639 910 288286
2016/12/30:08:10:42 0198702264 0 1639 910 286410
2016/12/30:10:10:48 0198702264 0 1639 910 284291
2016/12/30:11:10:38 0198702264 0 1639 910 283064
2016/12/30:12:10:41 0198702264 0 1639 910 282535
2016/12/30:13:10:34 0198702264 0 1639 910 282535
2016/12/30:14:11:00 0198702264 0 1639 910 285140
2016/12/30:16:10:43 0198702264 0 1639 910 286776
2016/12/30:17:10:44 0198702264 0 1639 910 290644
2016/12/30:18:10:39 0198702264 0 1639 910 291916
2016/12/30:19:10:49 0198702264 0 1639 910 291916
2016/12/30:20:10:35 0198702264 0 1639 910 295647
2016/12/30:21:10:39 0198702264 0 1639 910 296248
2016/12/30:22:10:43 0198702264 0 1639 910 296248
2016/12/30:23:10:36 0198702264 0 1639 910 298355
2016/12/31:00:10:38 0198702264 0 1639 910 298250
2016/12/31:01:10:38 0198702264 0 1639 910 298250
2016/12/31:02:10:40 0198702264 0 1639 910 299866
2016/12/31:03:10:35 0198702264 0 1639 910 298795
2016/12/31:04:10:39 0198702264 0 1639 910 298795
2016/12/31:05:10:37 0198702264 0 1639 910 297746
2016/12/31:06:10:39 0198702264 0 1639 910 295134
2016/12/31:07:10:41 0198702264 0 1639 910 295134
2016/12/31:08:10:42 0198702264 0 1639 910 292541
2016/12/31:09:10:42 0198702264 0 1639 910 289816
2016/12/31:10:10:41 0198702264 0 1639 910 289816
2016/12/31:11:10:37 0198702264 0 1639 910 288040
2016/12/31:12:10:41 0198702264 0 1639 910 286945
2016/12/31:13:10:37 0198702264 0 1639 910 286945
2016/12/31:14:10:38 0198702264 0 1639 910 288588
2016/12/31:15:10:59 0198702264 0 1639 910 289382
2016/12/31:17:10:45 0198702264 0 1639 909 292341
2016/12/31:18:10:45 0198702264 0 1639 909 293317
2016/12/31:20:10:38 0198702264 0 1639 909 295764
2017/01/01:20:10:35 0198702264 0 1639 909 285887
2017/01/01:21:10:42 0198702264 0 1639 909 286229
2017/01/01:22:10:39 0198702264 0 1639 909 286229
2017/01/01:23:10:33 0198702264 0 1639 909 288348
2017/01/02:00:10:41 0198702264 0 1639 909 288115
2017/01/02:01:10:40 0198702264 0 1639 909 288115
2017/01/02:02:10:40 0198702264 0 1639 909 289622
2017/01/02:03:10:37 0198702264 0 1639 909 288296
2017/01/02:04:10:43 0198702264 0 1639 908 288296
2017/01/02:05:10:41 0198702264 0 1639 908 287035
2017/01/02:06:10:38 0198702264 0 1639 908 284383
2017/01/02:08:10:40 0198702264 0 1639 908 281568
2017/01/02:09:10:40 0198702264 0 1639 908 278690
2017/01/02:10:10:49 0198702264 0 1639 908 278690
2017/01/02:11:10:47 0198702264 0 1639 908 276628
2017/01/02:12:10:39 0198702264 0 1639 908 275292
2017/01/02:16:10:34 0198702264 0 1639 908 278873
2017/01/02:17:10:29 0198702264 0 1639 907 282784
2017/01/02:18:10:38 0198702264 0 1639 907 284136
2017/01/02:19:10:34 0198702264 0 1639 907 284136
2017/01/02:20:10:38 0198702264 0 1639 907 288190
2017/01/29:12:10:59 0198702264 0 1637 612 248374
2017/01/29:12:48:21 0198702264 0 1637 612 247367
