Time: ISBN: Retail-Price: Lowest-New-Price: Lowest-Used-Price: Sales-Rank
2016/03/05:11:55:24 0198506449 2899 2099 2582 532876
2016/03/05:12:19:44 0198506449 2899 2099 2581 532876
2016/03/05:12:39:58 0198506449 2899 2099 2580 532876
2016/03/05:12:55:47 0198506449 2899 2099 2580 532876
2016/03/05:17:41:38 0198506449 2899 2099 2578 530659
2016/03/05:19:31:05 0198506449 2899 2099 2577 531464
2016/03/05:20:20:05 0198506449 2899 2099 2577 533364
2016/03/05:21:50:40 0198506449 2899 2099 2577 536420
2016/03/05:23:11:29 0198506449 2899 2099 2575 535521
2016/03/06:03:51:49 0198506449 2899 2099 2575 538954
2016/03/06:08:38:29 0198506449 2899 2099 2573 540581
2016/03/06:09:42:19 0198506449 2899 2099 2572 540481
2016/03/06:10:34:45 0198506449 2899 2099 2572 540859
2016/03/06:11:30:00 0198506449 2899 2099 2572 538826
2016/03/06:14:30:51 0198506449 2899 2099 2571 537357
2016/03/06:14:45:51 0198506449 2899 2099 2570 537357
2016/03/06:15:53:29 0198506449 2899 2099 2570 537535
2016/03/06:16:36:37 0198506449 2899 2099 2570 536189
2016/03/06:17:51:01 0198506449 2899 2099 2569 536892
2016/03/06:20:48:18 0198506449 2899 2099 2569 535689
2016/03/06:22:33:27 0198506449 2899 2099 2568 538664
2016/03/06:22:57:18 0198506449 2899 2099 2568 538696
2016/03/06:23:09:00 0198506449 2899 2099 2568 538696
2016/03/07:07:38:16 0198506449 2899 2099 2564 545861
2016/03/07:09:28:55 0198506449 2899 2099 2563 545861
2016/03/07:10:53:05 0198506449 2899 2099 2562 543493
2016/03/07:11:31:31 0198506449 2899 2099 2562 544123
2016/03/07:12:35:43 0198506449 2899 2099 2562 543935
2016/03/07:14:01:35 0198506449 2899 2099 2560 542668
2016/03/07:15:30:49 0198506449 2899 2099 2560 542668
2016/03/07:16:20:25 0198506449 2899 2099 2560 542438
2016/03/07:16:57:52 0198506449 2899 2099 2560 542711
2016/03/07:19:10:23 0198506449 2899 2099 2560 540582
2016/03/07:22:42:14 0198506449 2899 2099 2559 545897
2016/03/07:23:49:19 0198506449 2899 2099 2559 546164
2016/03/08:07:43:36 0198506449 2899 2099 2557 61446
2016/03/08:09:06:13 0198506449 2899 2099 2556 64134
2016/03/08:11:56:37 0198506449 2899 2099 2555 76070
2016/03/08:13:13:45 0198506449 2899 2099 2555 76070
2016/03/08:14:41:15 0198506449 2899 2099 2554 81206
2016/03/08:17:16:30 0198506449 2899 2099 2553 90674
2016/03/08:19:43:39 0198506449 2899 2099 2552 96611
2016/03/09:07:47:58 0198506449 2899 2099 2616 163178
2016/03/09:09:58:20 0198506449 2899 2099 2616 163178
2016/03/09:10:53:59 0198506449 2899 2099 2616 169044
2016/03/09:15:03:44 0198506449 2899 2099 2614 175907
2016/03/09:15:54:45 0198506449 2899 2099 2614 175936
2016/03/09:18:42:54 0198506449 2899 2099 2614 184785
2016/03/09:20:00:29 0198506449 2899 2099 2614 184876
2016/03/09:20:28:15 0198506449 2899 2099 2613 196755
2016/03/09:21:17:29 0198506449 2899 2099 2613 196755
2016/03/09:22:33:57 0198506449 2899 2099 2612 198123
2016/03/09:22:45:50 0198506449 2899 2099 2612 196826
2016/03/09:23:25:55 0198506449 2899 2099 2612 198123
2016/03/09:23:47:08 0198506449 2899 2099 2531 198124
2016/03/10:05:04:49 0198506449 2899 2099 2529 227519
2016/03/10:07:51:50 0198506449 2899 2099 2528 228912
2016/03/10:09:39:05 0198506449 2899 2099 2527 235762
2016/03/10:11:08:39 0198506449 2899 2099 2527 237852
2016/03/10:11:59:02 0198506449 2899 2099 2526 237852
2016/03/10:12:26:47 0198506449 2899 2099 2526 237851
2016/03/10:13:52:04 0198506449 2899 2099 2526 239150
2016/03/10:14:05:13 0198506449 2899 2099 2526 239150
2016/03/10:15:31:09 0198506449 2899 2099 2525 241559
2016/03/10:16:40:21 0198506449 2899 2099 2525 241625
2016/03/10:19:17:44 0198506449 2899 2099 2524 253249
2016/03/10:20:21:11 0198506449 2899 2099 2524 253520
2016/03/10:22:56:14 0198506449 2899 2099 2524 262858
2016/03/11:07:49:02 0198506449 2899 2099 2520 287364
2016/03/11:09:50:33 0198506449 2899 2099 2519 294406
2016/03/11:13:42:12 0198506449 2899 2099 2518 298014
2016/03/11:15:53:02 0198506449 2899 2099 2517 301777
2016/03/11:16:49:03 0198506449 2899 2099 2516 301822
2016/03/11:17:29:48 0198506449 2899 2099 2516 307515
2016/03/11:19:36:20 0198506449 2899 2099 2515 308806
2016/03/11:22:48:33 0198506449 2899 2099 2515 317311
2016/03/12:12:12:28 0198506449 2899 2099 2530 87810
2016/03/12:13:48:03 0198506449 2899 2099 2530 90792
2016/03/12:18:55:10 0198506449 2899 2099 2530 103854
2016/03/13:09:29:33 0198506449 2899 2099 2527 151824
2016/03/13:11:14:17 0198506449 2899 2099 2527 154993
2016/03/13:16:22:01 0198506449 2899 2099 2527 158099
2016/03/13:18:15:52 0198506449 2899 2099 2527 167076
2016/03/13:19:46:19 0198506449 2899 2099 2527 167118
2016/03/13:22:44:43 0198506449 2899 2099 2527 180956
2016/03/14:07:48:44 0198506449 2899 2099 2527 197188
2016/03/14:08:59:51 0198506449 2899 2099 2527 209250
2016/03/14:09:37:56 0198506449 2899 2099 2527 209250
2016/03/14:10:14:27 0198506449 2899 2099 2527 209250
2016/03/15:14:48:09 0198506449 2899 2099 2527 137631
2016/03/15:17:31:15 0198506449 2899 2099 2527 150427
2016/03/15:18:49:11 0198506449 2899 2099 2527 150541
2016/03/15:20:13:16 0198506449 2899 2099 2527 151168
2016/03/15:20:47:47 0198506449 2899 2099 2527 151391
2016/03/15:22:43:02 0198506449 2899 2099 2527 174415
2016/03/16:00:34:02 0198506449 2899 2099 2526 174414
2016/03/16:08:11:45 0198506449 2899 2099 2524 198323
2016/03/16:21:38:23 0198506449 2899 2099 2520 219142
2016/03/16:23:29:18 0198506449 2899 2099 2520 219346
2016/03/17:07:31:19 0198506449 2899 2099 2515 242798
2016/03/17:08:57:56 0198506449 2899 2099 2515 242769
2016/03/17:13:47:23 0198506449 2899 2099 2512 249367
2016/03/17:14:37:40 0198506449 2899 2099 2512 249639
2016/03/17:16:03:19 0198506449 2899 2099 2512 249872
2016/03/17:17:21:50 0198506449 2899 2099 2511 252488
2016/03/17:18:24:04 0198506449 2899 2099 2510 257285
2016/03/17:22:27:53 0198506449 2899 2099 2509 265019
2016/03/18:07:42:41 0198506449 2899 2099 2504 287078
2016/03/18:08:54:45 0198506449 2899 2099 2503 287114
2016/03/18:13:46:24 0198506449 2899 2099 2504 289537
2016/03/19:00:39:04 0198506449 2899 2099 2503 313077
2016/03/19:10:42:57 0198506449 2899 2099 2504 328381
2016/03/19:13:09:43 0198506449 2899 2099 2504 328135
2016/03/19:21:03:07 0198506449 2899 2099 2504 335829
2016/03/19:23:40:53 0198506449 2899 2099 2504 340483
2016/03/20:08:13:01 0198506449 2899 2099 2503 347768
2016/03/20:09:53:44 0198506449 2899 2099 2503 347768
2016/03/20:12:14:43 0198506449 2899 2099 2504 347953
2016/03/20:13:44:03 0198506449 2899 2099 2504 347461
2016/03/20:14:41:28 0198506449 2899 2099 2504 347555
2016/03/20:18:04:33 0198506449 2899 2099 2503 349943
2016/03/20:20:03:41 0198506449 2899 2099 2504 353353
2016/03/20:21:52:08 0198506449 2899 2099 2504 353489
2016/03/21:08:13:47 0198506449 2899 2099 2504 371655
2016/03/21:09:23:41 0198506449 2899 2099 2504 371655
2016/03/21:10:14:32 0198506449 2899 2099 2503 369893
2016/03/21:17:59:39 0198506449 2899 2099 2504 371547
2016/03/21:19:19:42 0198506449 2899 2099 2504 371586
2016/03/21:23:06:34 0198506449 2899 2099 2503 375336
2016/03/22:10:12:42 0198506449 2899 2099 2504 392417
2016/03/22:11:03:29 0198506449 2899 2099 2504 392865
2016/03/23:07:59:49 0198506449 2899 2099 3526 403031
2016/03/23:09:26:55 0198506449 2899 2099 3525 403548
2016/03/23:13:11:11 0198506449 2899 2099 3492 405647
2016/03/23:17:51:26 0198506449 2899 2099 3475 405373
2016/03/23:19:02:12 0198506449 2899 2099 3474 406794
2016/03/23:20:10:58 0198506449 2899 2099 3474 406905
2016/03/23:21:23:37 0198506449 2899 2099 3474 406905
2016/03/23:22:12:18 0198506449 2899 2099 3474 410258
2016/03/23:23:09:06 0198506449 2899 2099 3474 413299
2016/03/24:07:56:23 0198506449 2899 2099 2616 418168
2016/03/24:10:04:40 0198506449 2899 2099 2614 416863
2016/03/24:11:09:16 0198506449 2899 2099 2614 416250
2016/03/24:12:19:47 0198506449 2899 2099 2613 416527
2016/03/24:14:04:13 0198506449 2899 2099 2612 415676
2016/03/24:15:14:25 0198506449 2899 2099 2612 416843
2016/03/24:16:59:11 0198506449 2899 2099 2612 419555
2016/03/24:20:55:33 0198506449 2899 2099 1999 421467
2016/03/24:22:59:27 0198506449 2899 2099 1999 421471
2016/03/25:07:50:28 0198506449 2899 2099 1999 430157
2016/03/25:21:53:03 0198506449 2899 2099 1999 433870
2016/03/26:10:08:51 0198506449 2899 2099 1999 439229
2016/03/26:13:26:25 0198506449 2899 2099 1999 437422
2016/03/26:18:03:13 0198506449 2899 2099 1999 435638
2016/03/26:20:33:39 0198506449 2899 2099 1999 436589
2016/03/28:18:37:03 0198506449 2899 2099 2504 112879
2016/03/28:20:27:02 0198506449 2899 2099 2504 122311
2016/03/28:21:30:48 0198506449 2899 2099 2504 131101
2016/03/29:06:41:47 0198506449 2899 2099 2504 163517
2016/03/29:10:57:41 0198506449 2899 2099 2504 171625
2016/03/29:15:14:38 0198506449 2899 2099 2504 174047
2016/03/29:16:29:43 0198506449 2899 2099 2504 176336
2016/03/29:19:25:20 0198506449 2899 2099 2504 182932
2016/03/29:21:47:37 0198506449 2899 2099 2504 190716
2016/03/30:09:16:57 0198506449 2899 2099 2503 230709
2016/03/30:13:30:40 0198506449 2899 2099 2503 234715
2016/03/30:15:55:38 0198506449 2899 2099 2503 236655
2016/03/30:16:39:05 0198506449 2899 2099 2503 236655
2016/03/30:18:56:42 0198506449 2899 2099 2503 247208
2016/03/30:21:05:13 0198506449 2899 2099 2503 255969
2016/03/31:07:03:18 0198506449 2899 2099 2503 274528
2016/03/31:08:48:47 0198506449 2899 2099 2503 283181
2016/03/31:09:36:49 0198506449 2899 2099 2503 283181
2016/03/31:12:37:08 0198506449 2899 2099 2503 286458
2016/03/31:13:43:21 0198506449 2899 2099 2503 289092
2016/03/31:16:27:53 0198506449 2899 2099 2503 293983
2016/03/31:21:14:30 0198506449 2899 2099 2503 305721
2016/04/01:07:24:09 0198506449 2899 2099 2503 328642
2016/04/01:08:35:01 0198506449 2899 2099 2503 330901
2016/04/01:09:24:26 0198506449 2899 2099 2504 330901
2016/04/01:16:27:30 0198506449 2899 2099 2504 341786
2016/04/01:17:34:25 0198506449 2899 2099 2504 341785
2016/04/01:18:33:16 0198506449 2899 2099 2503 347140
2016/04/01:19:31:23 0198506449 2899 2099 2503 347140
2016/04/01:21:23:27 0198506449 2899 2099 2503 352396
2016/04/01:22:34:02 0198506449 2899 2099 2503 352396
2016/04/02:08:10:22 0198506449 2899 2099 2564 372560
2016/04/02:09:22:14 0198506449 2899 2099 2564 372744
2016/04/02:20:02:08 0198506449 2899 2099 2564 380238
2016/04/02:22:30:22 0198506449 2899 2099 2564 382928
2016/04/03:08:58:52 0198506449 2899 2099 2563 396370
2016/04/03:09:53:06 0198506449 2899 2099 2562 396584
2016/04/04:19:48:18 0198506449 2899 2099 2548 422461
2016/04/05:06:59:34 0198506449 2899 2099 2543 436364
2016/04/05:15:09:31 0198506449 2899 2099 2537 433814
2016/04/05:16:02:11 0198506449 2899 2099 2536 434277
2016/04/05:21:40:33 0198506449 2899 2099 2534 439172
2016/04/06:06:57:21 0198506449 2899 2099 2532 453219
2016/04/06:10:43:47 0198506449 2899 2099 2564 450115
2016/04/06:22:53:53 0198506449 2899 2099 2564 457399
2016/04/07:07:16:48 0198506449 2899 2099 2563 465915
2016/04/07:17:23:30 0198506449 2899 2099 2560 465366
2016/04/07:18:39:45 0198506449 2899 2099 2560 467030
2016/04/08:10:24:22 0198506449 2899 2099 2556 75434
2016/04/09:07:55:19 0198506449 2899 2099 2555 155752
2016/04/10:07:01:16 0198506449 2899 2099 2555 208824
2016/04/10:08:33:32 0198506449 2899 2099 2555 210745
2016/04/10:10:10:11 0198506449 2899 2099 2555 210746
2016/04/10:10:44:30 0198506449 2899 2099 2555 211770
2016/04/10:11:22:00 0198506449 2899 2099 2555 211770
2016/04/10:16:11:22 0198506449 2899 2099 2555 217522
2016/04/10:21:40:32 0198506449 2899 2099 2555 229064
2016/04/11:00:58:02 0198506449 2899 2099 2555 242016
2016/04/11:06:45:42 0198506449 2899 2099 2564 262945
2016/04/11:12:58:50 0198506449 2899 2099 2564 270269
2016/04/12:07:07:55 0198506449 2899 2099 2563 320203
2016/04/12:08:09:33 0198506449 2899 2099 2563 320546
2016/04/12:21:36:50 0198506449 2899 2099 2562 342916
2016/04/13:08:15:14 0198506449 2899 2099 2557 46431
2016/04/13:11:29:27 0198506449 2899 2099 2556 49923
2016/04/13:15:09:02 0198506449 2899 2099 2554 65098
2016/04/13:16:01:00 0198506449 2899 2099 2554 65124
2016/04/14:06:47:42 0198506449 2899 2099 2550 140466
2016/04/14:08:37:02 0198506449 2899 2099 2549 143024
2016/04/14:09:29:27 0198506449 2899 2099 2549 143024
2016/04/15:11:58:58 0198506449 2899 2099 2548 213691
2016/04/17:19:10:01 0198506449 2899 2099 2531 127328
2016/04/17:21:53:16 0198506449 2899 2099 2529 134872
2016/04/18:08:04:36 0198506449 2899 2099 2525 169296
2016/04/18:09:27:32 0198506449 2899 2099 2524 169296
2016/12/22:10:21:14 0198506449 2899 2237 2852 443179
2016/12/22:12:16:43 0198506449 2899 2237 2852 445343
2016/12/24:17:54:53 0198506449 2899 2261 2851 488307
2016/12/25:11:27:08 0198506449 2899 2261 2851 488040
2016/12/25:20:56:21 0198506449 2899 2261 2851 485950
2016/12/26:15:06:50 0198506449 2899 2261 2850 485050
2016/12/26:16:49:41 0198506449 2899 2261 2850 486481
2016/12/26:18:49:19 0198506449 2899 2261 2850 486395
2016/12/27:00:19:43 0198506449 2899 2261 2850 488956
2016/12/27:01:19:25 0198506449 2899 2261 2850 488956
2016/12/27:02:19:15 0198506449 2899 2261 2850 490087
2016/12/27:03:19:28 0198506449 2899 2261 2850 489814
2016/12/27:04:19:31 0198506449 2899 2261 2850 489814
2016/12/27:05:19:27 0198506449 2899 2261 2850 489607
2016/12/27:08:19:37 0198506449 2899 2261 2850 487686
2016/12/27:09:19:32 0198506449 2899 2261 2850 486708
2016/12/27:10:19:39 0198506449 2899 2261 2850 486708
2016/12/27:11:19:28 0198506449 2899 2261 2850 486232
2016/12/27:12:19:36 0198506449 2899 2261 2850 485999
2016/12/27:13:19:27 0198506449 2899 2261 2850 485999
2016/12/27:14:19:46 0198506449 2899 2261 2850 487599
2016/12/27:17:19:30 0198506449 2899 2261 2850 490288
2016/12/27:18:19:23 0198506449 2899 2261 2850 490288
2016/12/27:20:19:24 0198506449 2899 2261 2850 492537
2016/12/27:22:19:36 0198506449 2899 2261 2850 492988
2016/12/27:23:19:27 0198506449 2899 2261 2850 494775
2016/12/28:01:19:31 0198506449 2899 2261 2850 495235
2016/12/28:02:19:28 0198506449 2899 2261 2850 496807
2016/12/28:04:19:38 0198506449 2899 2261 2850 496302
2016/12/28:05:19:21 0198506449 2899 2261 2850 496302
2016/12/28:06:19:34 0198506449 2899 2261 2850 495267
2016/12/28:08:19:43 0198506449 2899 2261 2849 494227
2016/12/28:10:19:30 0198506449 2899 2261 2849 492137
2016/12/28:12:19:34 0198506449 2899 2261 2849 491616
2016/12/28:22:19:23 0198506449 2899 2261 2849 500455
2016/12/29:00:19:23 0198506449 2899 2261 2849 503463
2016/12/29:01:19:21 0198506449 2899 2261 2848 503463
2016/12/29:02:19:23 0198506449 2899 2261 2848 505361
2016/12/29:04:19:34 0198506449 2899 2261 2848 505310
2016/12/29:06:19:19 0198506449 2899 2261 2848 504278
2016/12/29:08:19:28 0198506449 2899 2261 2847 503310
2016/12/29:12:19:32 0198506449 2899 2261 2847 500768
2016/12/29:15:19:43 0198506449 2899 2261 2837 502650
2016/12/29:16:19:31 0198506449 2899 2261 2837 502650
2016/12/29:18:19:31 0198506449 2899 2261 2837 505568
2016/12/29:19:19:18 0198506449 2899 2261 2837 505568
2016/12/29:22:19:26 0198506449 2899 2261 2837 511260
2016/12/29:23:19:29 0198506449 2899 2261 2837 511260
2016/12/30:00:19:19 0198506449 2899 2261 2837 512268
2016/12/30:01:19:25 0198506449 2899 2261 2837 512268
2016/12/30:02:19:27 0198506449 2899 2261 2837 514309
2016/12/30:05:19:16 0198506449 2899 2261 2836 514769
2016/12/30:06:19:20 0198506449 2899 2261 2836 514025
2016/12/30:08:19:30 0198506449 2899 2261 2836 513330
2016/12/30:10:19:32 0198506449 2899 2261 2836 512411
2016/12/30:11:19:19 0198506449 2899 2261 2836 511853
2016/12/30:12:19:23 0198506449 2899 2261 2836 511469
2016/12/30:13:19:12 0198506449 2899 2261 2836 511469
2016/12/30:14:19:49 0198506449 2899 2261 2836 513010
2016/12/30:19:19:38 0198506449 2899 2261 2836 519383
2016/12/30:20:19:16 0198506449 2899 2261 2836 519383
2016/12/30:22:19:34 0198506449 2899 2261 2836 520426
2016/12/30:23:19:20 0198506449 2899 2261 2836 522504
2016/12/31:00:19:21 0198506449 2899 2261 2836 523292
2016/12/31:01:19:21 0198506449 2899 2261 2836 525329
2016/12/31:02:19:27 0198506449 2899 2261 2836 525329
2016/12/31:03:19:17 0198506449 2899 2261 2836 525812
2016/12/31:04:19:21 0198506449 2899 2261 2836 525812
2016/12/31:05:19:19 0198506449 2899 2261 2836 526302
2016/12/31:06:19:23 0198506449 2899 2261 2836 525903
2016/12/31:07:19:30 0198506449 2899 2261 2836 525450
2016/12/31:08:19:28 0198506449 2899 2261 2836 525450
2016/12/31:10:19:24 0198506449 2899 2261 2836 524301
2016/12/31:11:19:18 0198506449 2899 2261 2836 524301
2016/12/31:12:19:26 0198506449 2899 2261 2836 524094
2016/12/31:13:19:19 0198506449 2899 2261 2836 525378
2016/12/31:14:19:19 0198506449 2899 2261 2836 525378
2016/12/31:15:19:54 0198506449 2899 2261 2836 526040
2017/01/01:20:19:25 0198506449 2899 2261 2836 539895
2017/01/01:22:19:21 0198506449 2899 2261 2836 543342
2017/01/01:23:19:11 0198506449 2899 2261 2836 543342
2017/01/02:00:19:32 0198506449 2899 2261 2836 544231
2017/01/02:01:19:25 0198506449 2899 2261 2836 546282
2017/01/02:02:19:27 0198506449 2899 2261 2836 546282
2017/01/02:03:19:18 0198506449 2899 2261 2836 546706
2017/01/02:04:19:31 0198506449 2899 2261 2836 547219
2017/01/02:05:19:30 0198506449 2899 2261 2836 547219
2017/01/02:06:19:21 0198506449 2899 2261 2836 546990
2017/01/02:08:19:27 0198506449 2899 2261 2836 546718
2017/01/02:10:19:48 0198506449 2899 2261 2836 546330
2017/01/02:16:19:16 0198506449 2899 2261 2836 549419
2017/01/02:19:19:25 0198506449 2899 2261 2836 555801
