Time: ISBN: Retail-Price: Lowest-New-Price: Lowest-Used-Price: Sales-Rank
2016/03/05:12:21:23 0262033844 5589 4668 4124 217533
2016/03/05:12:41:37 0262033844 5589 4668 4124 217533
2016/03/05:12:57:24 0262033844 5589 4668 4124 217533
2016/03/05:17:43:16 0262033844 5589 4668 3000 215226
2016/03/05:19:32:42 0262033844 5589 4668 3000 215271
2016/03/05:20:21:43 0262033844 5589 4668 3000 217426
2016/03/05:21:52:17 0262033844 5589 4668 3000 221850
2016/03/05:23:13:07 0262033844 5589 4667 3000 218641
2016/03/06:03:53:26 0262033844 5589 4668 3000 223543
2016/03/06:08:40:07 0262033844 5589 4668 3000 226010
2016/03/06:09:43:57 0262033844 5589 4668 3000 225727
2016/03/06:10:36:25 0262033844 5589 4668 3000 226105
2016/03/06:11:31:39 0262033844 5589 4668 3000 223548
2016/03/06:14:32:29 0262033844 5589 4668 3000 222532
2016/03/06:14:47:30 0262033844 5589 4668 3000 222532
2016/03/06:15:55:06 0262033844 5589 4668 3000 222283
2016/03/06:16:38:14 0262033844 5589 4668 3000 222283
2016/03/06:17:52:39 0262033844 5589 4668 3000 225074
2016/03/06:20:49:56 0262033844 5589 4668 3000 223700
2016/03/06:22:35:05 0262033844 5589 4668 3000 251400
2016/03/06:22:58:56 0262033844 5589 4668 3000 251432
2016/03/06:23:10:38 0262033844 5589 4668 3000 251432
2016/03/07:07:39:54 0262033844 5589 4668 3000 265191
2016/03/07:09:30:34 0262033844 5589 4668 3000 265191
2016/03/07:10:54:42 0262033844 5589 4668 3000 261976
2016/03/07:11:33:09 0262033844 5589 4668 3000 262606
2016/03/07:12:37:21 0262033844 5589 4668 3000 262140
2016/03/07:14:03:13 0262033844 5589 4668 3000 259722
2016/03/07:15:32:27 0262033844 5589 4577 3000 258807
2016/03/07:16:22:03 0262033844 5589 4577 3000 258807
2016/03/07:16:59:30 0262033844 5589 4575 3000 259081
2016/03/07:19:12:02 0262033844 5589 4575 3000 254623
2016/03/07:22:43:52 0262033844 5589 4576 3000 261188
2016/03/07:23:50:57 0262033844 5589 4576 3000 261455
2016/03/08:07:45:12 0262033844 5589 4576 3000 272803
2016/03/08:09:07:51 0262033844 5589 4576 3000 271829
2016/03/08:11:58:14 0262033844 5589 4576 3000 271209
2016/03/08:13:15:23 0262033844 5589 4575 3000 271208
2016/03/08:14:42:53 0262033844 5589 2365 3000 269308
2016/03/08:17:18:08 0262033844 5589 2365 3000 269906
2016/03/08:19:45:20 0262033844 5589 2365 3000 269906
2016/03/09:07:49:36 0262033844 5589 4576 3000 27994
2016/03/09:09:59:58 0262033844 5589 4576 3000 29176
2016/03/09:10:55:37 0262033844 5589 4576 3000 32854
2016/03/09:15:05:21 0262033844 5589 4576 3000 41817
2016/03/09:15:56:23 0262033844 5589 4576 3000 41817
2016/03/09:18:44:32 0262033844 5589 4576 3000 54595
2016/03/09:20:29:53 0262033844 5589 4576 3000 54677
2016/03/09:21:19:11 0262033844 5589 4576 3000 72528
2016/03/09:22:35:35 0262033844 5589 4576 3000 72599
2016/03/09:22:47:31 0262033844 5589 4576 3000 72599
2016/03/09:23:27:33 0262033844 5589 4576 3000 73190
2016/03/09:23:48:45 0262033844 5589 4576 3000 73190
2016/03/10:05:06:27 0262033844 5589 4668 3000 110772
2016/03/10:07:53:29 0262033844 5589 4668 3000 109172
2016/03/10:09:40:47 0262033844 5589 4668 3000 115489
2016/03/10:11:10:18 0262033844 5589 4668 3000 114591
2016/03/10:12:00:40 0262033844 5589 4668 3000 114591
2016/03/10:12:28:25 0262033844 5589 4668 3000 114590
2016/03/10:14:06:52 0262033844 5589 4667 3000 112339
2016/03/10:15:32:47 0262033844 5589 4667 3000 111817
2016/03/10:16:41:59 0262033844 5589 4667 3000 111817
2016/03/10:19:19:22 0262033844 5589 4668 3000 120094
2016/03/10:20:22:48 0262033844 5589 4668 3000 120359
2016/03/10:22:57:51 0262033844 5589 4667 3000 129810
2016/03/11:07:50:40 0262033844 5589 4668 3000 144170
2016/03/11:09:52:11 0262033844 5589 4668 3000 37069
2016/03/11:13:43:50 0262033844 5589 4597 3000 42378
2016/03/11:16:08:42 0262033844 5589 4577 3000 48905
2016/03/11:16:50:42 0262033844 5589 4577 3000 48905
2016/03/11:17:31:27 0262033844 5589 4575 3000 19004
2016/03/11:19:37:57 0262033844 5589 4577 3000 20049
2016/03/11:22:50:10 0262033844 5589 4576 3000 27255
2016/03/12:12:14:06 0262033844 5778 4575 3000 23807
2016/03/12:13:49:40 0262033844 5778 4575 3000 25273
2016/03/12:18:56:47 0262033844 5778 4576 3000 38959
2016/03/13:09:31:10 0262033844 5778 4576 3000 34311
2016/03/13:11:15:55 0262033844 5778 4576 3000 15082
2016/03/13:16:23:39 0262033844 5778 4576 3000 17584
2016/03/13:18:17:35 0262033844 5778 4576 3000 26383
2016/03/13:19:47:56 0262033844 5778 4576 3000 26383
2016/03/13:22:46:23 0262033844 5778 4576 3000 41642
2016/03/14:07:50:22 0262033844 5778 4577 3000 52823
2016/03/14:09:01:30 0262033844 5778 4577 3000 68622
2016/03/14:10:16:05 0262033844 5778 4576 3000 68622
2016/03/15:14:52:09 0262033844 5778 4365 3000 117106
2016/03/15:17:35:15 0262033844 5778 4365 3000 121707
2016/03/15:18:53:12 0262033844 5778 4365 3000 121822
2016/03/15:20:17:17 0262033844 5778 4365 3000 118047
2016/03/15:20:51:44 0262033844 5778 4365 3000 118270
2016/03/15:22:47:03 0262033844 5778 4365 3000 127081
2016/03/16:00:38:02 0262033844 5778 4365 3000 135615
2016/03/16:08:15:43 0262033844 5778 4365 3000 148688
2016/03/16:21:42:21 0262033844 5778 4365 3000 165530
2016/03/16:23:33:20 0262033844 5778 4365 3000 177470
2016/03/17:07:35:18 0262033844 5778 4365 3000 180950
2016/03/17:09:01:54 0262033844 5778 4365 3000 180950
2016/03/17:13:51:24 0262033844 5778 4597 3000 182719
2016/03/17:14:41:39 0262033844 5778 4598 3000 180123
2016/03/17:16:07:20 0262033844 5778 4598 3000 180356
2016/03/17:17:25:48 0262033844 5778 4598 3000 180616
2016/03/17:18:28:04 0262033844 5778 4598 3000 183360
2016/03/17:22:31:54 0262033844 5778 4598 3000 186073
2016/03/18:07:46:39 0262033844 5778 4598 3000 206642
2016/03/18:08:58:42 0262033844 5778 4598 3000 205771
2016/03/18:13:50:25 0262033844 5778 4598 3000 205827
2016/03/19:00:43:05 0262033844 5778 4598 3000 19786
2016/03/19:10:46:59 0262033844 5778 4598 3000 39173
2016/03/19:13:13:42 0262033844 5652 4597 3000 39922
2016/03/19:21:07:08 0262033844 5652 4598 3000 67262
2016/03/19:23:44:53 0262033844 5652 4598 3000 81102
2016/03/20:08:17:06 0262033844 5652 4598 3000 27661
2016/03/20:09:57:44 0262033844 5652 4598 3000 29938
2016/03/20:12:18:43 0262033844 5652 4598 3000 29945
2016/03/20:13:48:05 0262033844 5652 4598 3000 32618
2016/03/20:14:45:28 0262033844 5652 4598 3000 32618
2016/03/20:18:08:32 0262033844 5652 4598 3000 42163
2016/03/20:20:07:40 0262033844 5652 4598 3000 42179
2016/03/20:21:56:10 0262033844 5652 4598 3000 52027
2016/03/21:08:17:46 0262033844 5652 4598 3000 101996
2016/03/21:09:27:39 0262033844 5652 4598 3000 101996
2016/03/21:10:18:32 0262033844 5652 4598 3000 99474
2016/03/21:18:03:39 0262033844 5652 4192 3000 104958
2016/03/21:19:23:42 0262033844 5652 4192 3000 104998
2016/03/21:23:10:38 0262033844 5652 4192 3000 112278
2016/03/22:10:16:46 0262033844 5652 4192 3000 140752
2016/03/22:11:07:34 0262033844 5652 4192 3000 141200
2016/03/23:08:04:59 0262033844 5652 2838 3000 173652
2016/03/23:09:32:04 0262033844 5652 2838 3000 177125
2016/03/23:13:16:23 0262033844 5652 2838 3000 174157
2016/03/23:17:56:35 0262033844 5652 2838 3000 171091
2016/03/23:19:07:19 0262033844 5652 2838 3000 172910
2016/03/23:20:16:06 0262033844 5652 2838 3000 173021
2016/03/23:21:28:45 0262033844 5652 2838 3000 173021
2016/03/23:22:17:27 0262033844 5652 2838 3000 178878
2016/03/23:23:14:17 0262033844 5652 2838 3000 29515
2016/03/24:08:01:31 0262033844 5652 2838 3000 64527
2016/03/24:10:09:50 0262033844 5652 2838 3000 64527
2016/03/24:11:14:26 0262033844 5652 2838 3000 67879
2016/03/24:12:24:54 0262033844 5652 2838 3000 68106
2016/03/24:14:09:26 0262033844 5652 2838 3000 69295
2016/03/24:15:19:40 0262033844 5652 2838 3000 75288
2016/03/24:17:04:24 0262033844 5652 2838 3000 83106
2016/03/24:21:00:41 0262033844 5652 2838 3000 89016
2016/03/24:23:04:38 0262033844 5652 2838 3000 90863
2016/03/25:07:55:38 0262033844 5652 2838 4124 125074
2016/03/25:21:58:11 0262033844 5652 2838 4124 148654
2016/03/26:10:14:04 0262033844 5652 2838 4124 159675
2016/03/26:13:31:32 0262033844 5652 2838 4124 157408
2016/03/26:18:08:22 0262033844 5652 2838 4124 156790
2016/03/26:20:38:45 0262033844 5652 2838 4124 159385
2016/03/28:18:42:09 0262033844 5652 3946 4481 191167
2016/03/28:20:32:07 0262033844 5652 3946 4424 195891
2016/03/28:21:35:58 0262033844 5652 3946 4424 199990
2016/03/29:06:46:49 0262033844 5652 3946 4481 210809
2016/03/29:15:19:42 0262033844 5652 3946 4481 207220
2016/03/29:16:35:26 0262033844 5652 3946 4481 204892
2016/03/29:19:30:26 0262033844 5652 3946 4481 207226
2016/03/29:21:52:43 0262033844 5652 3946 4481 211624
2016/03/30:09:22:05 0262033844 5652 3946 4481 236450
2016/03/30:13:35:45 0262033844 5652 3946 4481 37781
2016/03/30:16:00:38 0262033844 5652 3946 4481 42173
2016/03/30:21:10:15 0262033844 5652 3946 4481 79222
2016/03/31:07:08:19 0262033844 5652 3946 4481 110738
2016/03/31:08:53:51 0262033844 5652 3946 4481 124612
2016/03/31:09:41:51 0262033844 5652 3946 4481 124612
2016/03/31:12:42:16 0262033844 5652 3946 4481 128659
2016/03/31:13:48:28 0262033844 5652 3946 4481 131916
2016/03/31:16:32:58 0262033844 5652 3946 4481 138099
2016/03/31:21:19:41 0262033844 5652 3946 4481 150907
2016/04/01:07:29:18 0262033844 5652 3946 4481 172673
2016/04/01:09:29:33 0262033844 5652 3946 4481 172265
2016/04/01:16:32:37 0262033844 5652 3946 4481 173828
2016/04/01:17:39:32 0262033844 5652 3946 4481 173828
2016/04/01:18:38:22 0262033844 5652 3946 4481 178001
2016/04/01:19:36:31 0262033844 5652 3946 4481 178001
2016/04/01:21:28:38 0262033844 5652 3946 4481 182232
2016/04/01:22:39:11 0262033844 5652 3946 4481 182232
2016/04/02:08:15:31 0262033844 5652 3946 4481 203225
2016/04/02:09:27:22 0262033844 5652 3946 4481 203409
2016/04/02:20:07:22 0262033844 5652 3946 4481 211105
2016/04/02:22:35:36 0262033844 5652 3946 4481 213264
2016/04/03:09:58:15 0262033844 5652 3946 4481 34680
2016/04/04:19:53:27 0262033844 5652 3938 4481 26781
2016/04/05:07:04:43 0262033844 5652 3938 4481 77431
2016/04/05:15:14:41 0262033844 5652 3363 4481 19252
2016/04/05:21:45:45 0262033844 5652 3363 4481 32525
2016/04/06:07:02:29 0262033844 5652 3363 4481 77198
2016/04/06:22:59:02 0262033844 5652 3263 4481 104490
2016/04/07:07:22:03 0262033844 5652 3263 4481 131816
2016/04/07:17:28:40 0262033844 5652 3452 4481 140892
2016/04/07:18:44:46 0262033844 5652 3452 4481 146266
2016/04/08:10:29:28 0262033844 5652 3450 4481 74550
2016/04/09:08:00:34 0262033844 5652 3450 4481 29973
2016/04/10:07:06:30 0262033844 5652 2868 4481 88895
2016/04/10:08:38:47 0262033844 5652 2868 4481 87333
2016/04/10:10:15:27 0262033844 5652 2868 4481 87334
2016/04/10:10:49:41 0262033844 5652 2868 4481 84329
2016/04/10:11:27:13 0262033844 5652 2868 4481 84329
2016/04/10:16:16:35 0262033844 5652 2868 4481 83946
2016/04/10:21:45:52 0262033844 5652 2868 4481 92283
2016/04/11:01:03:18 0262033844 5652 2868 4481 103013
2016/04/11:06:50:58 0262033844 5652 2868 4481 124248
2016/04/11:13:04:01 0262033844 5652 2868 4481 130039
2016/04/12:07:13:12 0262033844 5652 2868 4481 174033
2016/04/12:08:14:45 0262033844 5652 2553 4481 174375
2016/04/12:21:42:04 0262033844 5652 2553 4481 185767
2016/04/13:08:20:23 0262033844 5652 2553 4481 208149
2016/04/13:11:34:37 0262033844 5652 2553 4378 206910
2016/04/13:15:14:14 0262033844 5652 2553 4378 206359
2016/04/14:06:52:49 0262033844 5652 2553 4378 222364
2016/04/14:08:42:12 0262033844 5652 2553 4378 220386
2016/04/14:09:34:35 0262033844 5652 2552 4378 220386
2016/04/15:12:04:03 0262033844 6075 2552 4378 231082
2016/04/17:19:15:08 0262033844 6075 2552 3000 243379
2016/04/17:21:58:22 0262033844 6075 2552 3000 243825
2016/04/18:08:09:43 0262033844 6075 2552 3000 255416
2016/04/18:09:32:41 0262033844 6075 2552 3000 255416
2016/12/22:12:19:46 0262033844 7099 5631 6002 234402
2016/12/24:17:58:02 0262033844 7395 5631 6002 102920
2016/12/25:11:30:16 0262033844 7395 5631 6002 119000
2016/12/25:20:59:31 0262033844 7241 5631 6002 134058
2016/12/26:15:09:57 0262033844 7025 5631 6002 155981
2016/12/26:16:52:50 0262033844 7025 5631 6002 160964
2016/12/26:18:52:24 0262033844 7025 5631 6002 163203
2016/12/27:00:22:53 0262033844 7025 5631 6002 177153
2016/12/27:01:22:32 0262033844 7025 5631 6002 177153
2016/12/27:02:22:19 0262033844 7025 5631 6002 181482
2016/12/27:03:22:36 0262033844 7025 5631 6002 182927
2016/12/27:04:22:39 0262033844 7025 5631 6002 184393
2016/12/27:05:22:34 0262033844 7025 5631 6002 184393
2016/12/27:09:22:40 0262033844 7025 5631 6002 183805
2016/12/27:10:22:46 0262033844 7025 5631 6002 184118
2016/12/27:11:22:35 0262033844 7025 5631 6002 184118
2016/12/27:12:22:43 0262033844 7025 5631 6002 184897
2016/12/27:13:22:37 0262033844 7025 5631 6002 189075
2016/12/27:14:22:59 0262033844 7025 5631 6002 189075
2016/12/27:18:22:29 0262033844 7025 5631 6002 196997
2016/12/27:20:22:31 0262033844 7025 5631 6002 205120
2016/12/27:22:22:45 0262033844 7025 5631 6002 213531
2016/12/27:23:22:35 0262033844 7025 5631 6002 213531
2016/12/28:01:22:39 0262033844 7025 5631 6002 216436
2016/12/28:02:22:34 0262033844 7025 5631 6002 221362
2016/12/28:04:22:46 0262033844 7025 5631 6002 224137
2016/12/28:05:22:27 0262033844 7025 5631 6002 224137
2016/12/28:06:22:42 0262033844 7025 5631 6002 223768
2016/12/28:08:22:51 0262033844 7025 5631 6002 223512
2016/12/28:10:22:36 0262033844 7025 5631 6002 223095
2016/12/28:12:22:42 0262033844 7025 5631 6002 223505
2016/12/28:22:22:28 0262033844 7025 5631 6002 246890
2016/12/29:00:22:30 0262033844 7025 5631 6002 248788
2016/12/29:01:22:27 0262033844 7025 5631 6002 253264
2016/12/29:04:22:43 0262033844 7025 5631 6002 254526
2016/12/29:16:22:43 0262033844 7025 5631 6002 263151
2016/12/29:22:22:33 0262033844 7025 5631 6002 271743
2016/12/29:23:22:40 0262033844 7025 5631 6002 271743
2016/12/30:00:22:29 0262033844 7025 5631 6002 272717
2016/12/30:01:22:34 0262033844 7025 5631 6002 272717
2016/12/30:02:22:36 0262033844 7025 5631 6002 275551
2016/12/30:05:22:24 0262033844 7025 5631 6002 275788
2016/12/30:06:22:29 0262033844 7025 5631 6002 274756
2016/12/30:08:22:51 0262033844 7025 5631 6002 274032
2016/12/30:10:22:45 0262033844 7025 5631 6002 273148
2016/12/30:11:22:27 0262033844 7025 5631 6002 273257
2016/12/30:12:22:33 0262033844 7025 5631 6002 273521
2016/12/30:14:23:01 0262033844 7025 5631 6002 276798
2016/12/30:19:22:46 0262033844 7025 5631 6002 286172
2016/12/30:23:22:28 0262033844 7025 5631 6002 289186
2016/12/31:00:22:31 0262033844 7025 5631 6002 289331
2016/12/31:01:22:29 0262033844 7025 5631 6002 291238
2016/12/31:02:22:38 0262033844 7025 5631 6002 291238
2016/12/31:03:22:25 0262033844 7025 5631 6002 290262
2016/12/31:04:22:29 0262033844 7025 5631 6002 290262
2016/12/31:05:22:27 0262033844 7025 5631 6002 289305
2016/12/31:06:22:31 0262033844 7025 5631 6002 287160
2016/12/31:07:22:40 0262033844 7025 5631 6002 285426
2016/12/31:11:22:25 0262033844 7025 5631 6002 282930
2016/12/31:12:22:34 0262033844 7025 5631 6002 282516
2016/12/31:13:22:27 0262033844 7025 5631 6002 284733
2016/12/31:14:22:27 0262033844 7025 5631 6002 284733
2017/01/01:20:22:34 0262033844 7025 5631 6002 286578
2017/01/01:22:22:29 0262033844 7025 5631 6002 289702
2017/01/01:23:22:18 0262033844 7025 5631 6002 289702
2017/01/02:00:22:43 0262033844 7025 5631 6002 289747
2017/01/02:01:22:34 0262033844 7025 5631 6002 291652
2017/01/02:02:22:38 0262033844 7025 5631 6002 291652
2017/01/02:03:22:27 0262033844 7025 5631 6002 290553
2017/01/02:04:22:40 0262033844 7025 5631 6002 289680
2017/01/02:05:22:39 0262033844 7025 5631 6002 289680
2017/01/02:06:22:33 0262033844 7025 5631 6002 287287
2017/01/02:10:23:00 0262033844 7025 5631 6002 280107
2017/01/02:16:22:24 0262033844 7025 5631 6002 29149
2017/01/02:19:22:35 0262033844 7025 5631 6002 23280
