Time: ISBN: Retail-Price: Lowest-New-Price: Lowest-Used-Price: Sales-Rank
2016/03/06:11:32:12 0273776290 6298 3890 2999 245429
2016/03/06:14:48:03 0273776290 6298 3890 2999 242425
2016/03/06:15:55:40 0273776290 6298 3890 2997 241023
2016/03/06:16:38:48 0273776290 6298 3890 2997 241023
2016/03/06:17:53:13 0273776290 6298 3890 2994 242493
2016/03/06:20:50:30 0273776290 6298 3890 2899 240358
2016/03/06:22:35:39 0273776290 6298 3890 2899 245948
2016/03/06:22:59:30 0273776290 6298 3890 2899 245980
2016/03/06:23:11:12 0273776290 6298 3890 2899 245980
2016/03/07:07:40:28 0273776290 6298 3890 2899 267370
2016/03/07:09:31:08 0273776290 6298 3890 2899 266998
2016/03/07:10:55:16 0273776290 6298 3890 2899 266055
2016/03/07:11:33:43 0273776290 6298 3890 2897 266055
2016/03/07:12:37:55 0273776290 6298 3890 2896 267449
2016/03/07:14:03:47 0273776290 6298 3890 2896 266538
2016/03/07:15:33:00 0273776290 6298 3890 2895 266538
2016/03/07:16:22:37 0273776290 6298 3890 2895 267588
2016/03/07:17:00:04 0273776290 6298 3890 2895 267862
2016/03/07:19:12:36 0273776290 6298 3890 2893 265158
2016/03/07:22:44:26 0273776290 6298 3890 2892 273452
2016/03/07:23:51:31 0273776290 6298 3890 2892 273719
2016/03/08:07:45:46 0273776290 6298 3890 2892 285169
2016/03/08:09:08:25 0273776290 6298 3890 2892 283624
2016/03/08:11:58:48 0273776290 6298 3890 2892 284396
2016/03/08:13:15:57 0273776290 6298 3890 2892 284395
2016/03/08:14:43:26 0273776290 6298 3890 2892 284603
2016/03/08:17:18:42 0273776290 6298 3890 2890 287545
2016/03/08:19:45:54 0273776290 6298 3890 2890 287545
2016/03/09:07:50:09 0273776290 6298 3890 2890 303952
2016/03/09:10:00:31 0273776290 6298 3890 2890 303952
2016/03/09:10:56:11 0273776290 6298 3890 2890 304380
2016/03/09:15:05:55 0273776290 6298 3890 2893 302634
2016/03/09:15:56:57 0273776290 6298 3890 2893 302634
2016/03/09:18:45:06 0273776290 6298 3890 2893 35471
2016/03/09:21:19:46 0273776290 6298 3890 2893 56397
2016/03/09:22:48:05 0273776290 6298 3890 2893 58372
2016/03/09:23:28:07 0273776290 6298 3890 2893 58372
2016/03/09:23:49:19 0273776290 6298 3890 2893 58372
2016/03/10:05:07:01 0273776290 6298 3890 2891 104812
2016/03/10:07:54:03 0273776290 6298 3890 2891 106470
2016/03/10:09:41:21 0273776290 6298 3890 2891 116044
2016/03/10:11:10:53 0273776290 6298 3890 2891 118337
2016/03/10:12:01:16 0273776290 6298 3890 2891 118336
2016/03/10:12:28:59 0273776290 6298 3890 2891 118336
2016/03/10:14:07:25 0273776290 6298 3890 2891 119419
2016/03/10:15:33:21 0273776290 6298 3890 2891 121989
2016/03/10:16:42:33 0273776290 6298 3890 2891 127769
2016/03/10:19:19:56 0273776290 6298 3890 2891 27193
2016/03/10:20:23:22 0273776290 6298 3890 2891 27199
2016/03/10:22:58:25 0273776290 6298 3890 2891 40595
2016/03/11:07:51:14 0273776290 6298 3890 2891 76597
2016/03/11:09:52:47 0273776290 6298 3890 2891 85820
2016/03/11:13:44:25 0273776290 6298 3890 2891 86523
2016/03/11:16:09:17 0273776290 6298 3890 2891 90160
2016/03/11:17:32:02 0273776290 6298 3890 2891 96839
2016/03/11:19:38:31 0273776290 6298 3890 2891 96876
2016/03/11:22:50:44 0273776290 6298 3890 2892 106571
2016/03/12:12:14:40 0273776290 6298 3890 2891 137673
2016/03/12:13:50:14 0273776290 6298 3890 2891 138790
2016/03/12:18:57:21 0273776290 6298 3890 2889 147394
2016/03/13:09:31:44 0273776290 6298 3890 2888 179203
2016/03/13:11:16:29 0273776290 6298 3890 2888 180072
2016/03/13:16:24:13 0273776290 6298 3890 2888 179079
2016/03/13:18:18:09 0273776290 6298 3890 2888 183479
2016/03/13:19:48:30 0273776290 6298 3890 2888 183521
2016/03/13:22:46:56 0273776290 6298 3890 2888 192841
2016/03/14:07:50:55 0273776290 6298 3890 2888 200926
2016/03/14:09:02:04 0273776290 6298 3890 2888 210938
2016/03/14:10:16:39 0273776290 6298 3890 2888 210938
2016/03/15:14:53:37 0273776290 6298 3890 2886 252331
2016/03/15:17:36:43 0273776290 6298 3890 2885 256826
2016/03/15:18:54:39 0273776290 6298 3890 2885 256940
2016/03/15:20:18:45 0273776290 6298 3890 2885 254908
2016/03/15:20:53:10 0273776290 6298 3890 2885 255131
2016/03/15:22:48:31 0273776290 6298 3890 2885 261759
2016/03/16:00:39:30 0273776290 6298 3890 2885 267970
2016/03/16:08:17:11 0273776290 6298 3890 2885 279675
2016/03/16:21:43:48 0273776290 6298 3890 2885 289394
2016/03/16:23:34:48 0273776290 6298 3890 2885 289598
2016/03/17:07:36:46 0273776290 6298 3890 2885 297994
2016/03/17:09:03:22 0273776290 6298 3890 2885 297994
2016/03/17:13:52:53 0273776290 6298 3890 2885 298211
2016/03/17:14:43:08 0273776290 6298 3890 2885 296250
2016/03/17:16:08:49 0273776290 6298 3890 2884 296483
2016/03/17:17:27:15 0273776290 6298 3890 2883 297113
2016/03/17:18:29:33 0273776290 6298 3890 2883 300058
2016/03/17:22:33:23 0273776290 6298 3890 2883 305106
2016/03/18:07:48:06 0273776290 6298 3890 2883 317061
2016/03/18:09:00:09 0273776290 6298 3890 2883 314077
2016/03/18:13:51:54 0273776290 6298 3890 2883 308038
2016/03/19:00:44:29 0273776290 6293 3890 2883 315027
2016/03/19:10:48:23 0273776290 6293 3890 2883 318391
2016/03/19:13:15:06 0273776290 6293 3890 2883 315370
2016/03/19:21:08:32 0273776290 6293 3890 2883 313198
2016/03/19:23:46:18 0273776290 6293 3890 2883 314635
2016/03/20:08:18:33 0273776290 6293 3890 2882 319917
2016/03/20:09:59:08 0273776290 6293 3890 2882 319917
2016/03/20:12:20:07 0273776290 6293 3890 2882 315899
2016/03/20:13:49:31 0273776290 6293 3890 2882 312622
2016/03/20:14:46:53 0273776290 6293 3890 2882 312716
2016/03/20:18:09:56 0273776290 6293 3890 2881 308896
2016/03/20:20:09:04 0273776290 6293 3890 2881 308912
2016/03/20:21:57:36 0273776290 6293 3890 2881 309532
2016/03/21:08:19:10 0273776290 6293 3890 2881 321769
2016/03/21:09:29:03 0273776290 6293 3890 2881 321769
2016/03/21:10:19:57 0273776290 6293 3890 2881 319605
2016/03/21:18:05:04 0273776290 6293 3890 2881 316184
2016/03/21:19:25:06 0273776290 6293 3890 2881 316223
2016/03/21:23:12:04 0273776290 6293 3890 2881 317368
2016/03/22:10:18:10 0273776290 6293 3890 2881 328556
2016/03/22:11:08:56 0273776290 6293 3890 2881 329004
2016/03/23:08:06:47 0273776290 6293 3890 2878 331111
2016/03/23:09:33:53 0273776290 6293 3890 2878 331628
2016/03/23:13:18:11 0273776290 6293 3890 2878 332986
2016/03/23:17:58:23 0273776290 6293 3890 2879 330879
2016/03/23:19:09:07 0273776290 6293 3890 2879 331666
2016/03/23:20:17:54 0273776290 6293 3890 2879 331777
2016/03/23:21:30:34 0273776290 6293 3890 2879 331777
2016/03/23:22:19:14 0273776290 6293 3890 2879 334885
2016/03/23:23:16:05 0273776290 6293 3890 2879 337759
2016/03/24:08:03:18 0273776290 6293 3890 2879 340127
2016/03/24:10:11:37 0273776290 6293 3890 2879 340128
2016/03/24:11:16:14 0273776290 6293 3890 2879 339597
2016/03/24:12:26:41 0273776290 6293 3890 2879 339874
2016/03/24:14:11:15 0273776290 6293 3890 2879 338912
2016/03/24:15:21:29 0273776290 6293 3890 2879 340070
2016/03/24:17:06:13 0273776290 6293 3890 2879 340172
2016/03/24:21:02:26 0273776290 6293 3890 2879 342581
2016/03/24:23:06:26 0273776290 6293 3890 2879 341132
2016/03/25:07:57:23 0273776290 6293 3890 2877 346051
2016/03/25:22:00:00 0273776290 6293 3890 2877 347322
2016/03/26:10:15:54 0273776290 6293 3890 2877 342217
2016/03/26:13:33:25 0273776290 6293 3890 2877 340056
2016/03/26:18:10:15 0273776290 6293 3890 2877 339408
2016/03/26:20:40:37 0273776290 6293 3890 2877 340338
2016/03/28:18:44:06 0273776290 6293 3890 2875 328790
2016/03/28:20:34:03 0273776290 6293 3890 2875 331010
2016/03/28:21:37:53 0273776290 6293 3890 2875 332641
2016/03/29:06:48:44 0273776290 6293 3890 2875 334589
2016/03/29:15:21:38 0273776290 6293 3890 2875 328814
2016/03/29:16:37:26 0273776290 6293 3890 2875 326735
2016/03/29:19:32:14 0273776290 6293 3890 2875 328334
2016/03/29:21:54:32 0273776290 6293 3890 2875 331115
2016/03/30:09:23:55 0273776290 6293 3890 2873 343388
2016/03/30:13:37:29 0273776290 6293 3890 2873 338953
2016/03/30:16:02:23 0273776290 6293 3890 2873 336835
2016/03/30:21:11:58 0273776290 6293 3890 2873 64389
2016/03/31:07:10:02 0273776290 6293 3890 2873 100237
2016/03/31:08:55:35 0273776290 6293 3890 2873 115305
2016/03/31:09:43:35 0273776290 6293 3890 2873 115305
2016/03/31:12:44:02 0273776290 6293 3890 2873 121070
2016/03/31:13:50:13 0273776290 6293 3890 2873 125556
2016/03/31:16:34:43 0273776290 6293 3890 2873 133509
2016/03/31:21:21:27 0273776290 6293 3890 2873 150323
2016/04/01:07:31:03 0273776290 6293 3890 2873 180428
2016/04/01:09:31:18 0273776290 6293 3890 2873 182337
2016/04/01:16:34:20 0273776290 6293 3890 2873 191537
2016/04/01:17:41:16 0273776290 6293 3890 2873 191537
2016/04/01:18:40:06 0273776290 6293 3890 2873 197641
2016/04/01:19:38:16 0273776290 6293 3890 2872 197641
2016/04/01:21:30:22 0273776290 6293 3890 2871 203640
2016/04/01:22:40:56 0273776290 6293 3890 2871 203640
2016/04/02:08:17:12 0273776290 6293 3890 2871 227100
2016/04/02:09:29:03 0273776290 6293 3890 2871 227284
2016/04/02:20:09:05 0273776290 6293 3890 2871 237942
2016/04/02:22:37:17 0273776290 6293 3890 2871 244296
2016/04/03:09:59:57 0273776290 6293 3890 2499 262208
2016/04/04:19:55:14 0273776290 6293 3890 2497 296983
2016/04/05:07:06:29 0273776290 6293 3890 2498 318573
2016/04/05:15:16:26 0273776290 6293 3890 2498 316647
2016/04/05:21:47:32 0273776290 6293 3890 2498 321345
2016/04/06:07:04:14 0273776290 6293 3890 2498 334423
2016/04/06:23:00:49 0273776290 6293 3890 2299 344651
2016/04/07:07:23:49 0273776290 6293 3890 2299 350208
2016/04/07:17:30:27 0273776290 6293 3890 2299 351584
2016/04/07:18:46:33 0273776290 6293 3890 2299 354814
2016/04/08:10:31:17 0273776290 6293 3890 2298 360567
2016/04/09:08:02:21 0273776290 6293 3890 2200 366271
2016/04/10:07:08:16 0273776290 6298 3890 2199 365932
2016/04/10:08:40:34 0273776290 6298 3890 2199 363186
2016/04/10:10:17:15 0273776290 6298 3890 2199 363187
2016/04/10:10:52:13 0273776290 6298 3890 2199 359606
2016/04/10:11:29:00 0273776290 6298 3890 2199 359737
2016/04/10:16:18:23 0273776290 6298 3890 2199 355645
2016/04/10:21:47:40 0273776290 6298 3890 2199 362367
2016/04/11:01:05:04 0273776290 6298 3890 2199 362349
2016/04/11:06:52:45 0273776290 6298 3890 2199 365508
2016/04/11:13:05:47 0273776290 6298 3890 2199 357295
2016/04/12:07:14:59 0273776290 6298 3890 2197 369920
2016/04/12:08:16:31 0273776290 6298 3890 2197 370263
2016/04/12:21:43:50 0273776290 6298 3890 2197 368823
2016/04/13:08:22:08 0273776290 6298 3890 2197 373038
2016/04/13:11:36:23 0273776290 6298 3890 2197 370017
2016/04/13:15:15:59 0273776290 6298 3890 2197 366758
2016/04/14:06:54:33 0273776290 6298 3890 2196 379778
2016/04/14:08:43:56 0273776290 6298 3890 2196 377170
2016/04/14:09:36:19 0273776290 6298 3890 2196 377170
2016/04/17:19:16:54 0273776290 6298 3890 2194 30509
2016/04/17:22:00:05 0273776290 6298 3890 2194 42974
2016/04/18:08:11:22 0273776290 6298 3890 2194 97819
2016/04/18:09:34:21 0273776290 6298 3890 2194 97819
2016/12/22:12:20:55 0273776290 6299 5558 2095 471440
2016/12/24:17:59:06 0273776290 6299 5139 2080 436545
2016/12/25:11:31:20 0273776290 6299 5139 2076 417212
2016/12/25:21:00:36 0273776290 6299 5139 2074 406085
2016/12/26:15:11:01 0273776290 6299 5139 2072 391219
2016/12/26:16:53:54 0273776290 6299 5139 2072 391656
2016/12/26:18:53:26 0273776290 6299 5139 2072 390611
2016/12/27:00:23:58 0273776290 6299 5139 2070 389571
2016/12/27:01:23:35 0273776290 6299 5139 2070 390057
2016/12/27:02:23:21 0273776290 6299 5139 2070 390057
2016/12/27:03:23:39 0273776290 6299 5139 2069 388824
2016/12/27:04:23:42 0273776290 6299 5139 2069 387992
2016/12/27:05:23:38 0273776290 6299 5139 2069 387992
2016/12/27:09:23:44 0273776290 6299 5139 2067 383277
2016/12/27:10:23:54 0273776290 6299 5139 2067 382142
2016/12/27:11:23:39 0273776290 6299 5139 2067 382142
2016/12/27:12:23:46 0273776290 6299 5139 2066 380898
2016/12/27:13:23:40 0273776290 6299 5139 2066 381513
2016/12/27:14:24:02 0273776290 6299 5139 2066 381513
2016/12/27:18:23:33 0273776290 6299 5139 2066 382270
2016/12/27:22:23:49 0273776290 6299 5139 2065 383882
2016/12/27:23:23:39 0273776290 6299 5139 2064 383882
2016/12/28:01:23:42 0273776290 6299 5139 2064 383589
2016/12/28:02:23:38 0273776290 6299 5139 2064 384835
2016/12/28:04:23:49 0273776290 6299 5139 2064 383232
2016/12/28:05:23:29 0273776290 6299 5139 2064 383232
2016/12/28:06:23:45 0273776290 6299 5139 2064 381785
2016/12/28:08:23:55 0273776290 6299 5139 2064 380513
2016/12/28:10:23:40 0273776290 6299 5139 2063 378292
2016/12/28:12:23:47 0273776290 6299 5139 2061 377481
2016/12/28:22:23:32 0273776290 6299 5139 2060 384858
2016/12/29:00:23:45 0273776290 6299 5139 2060 385006
2016/12/29:01:23:30 0273776290 6299 5139 2060 386861
2016/12/29:04:23:49 0273776290 6299 5139 2060 386047
2016/12/29:16:23:49 0273776290 6299 5139 2055 386768
2016/12/29:22:23:37 0273776290 6299 5139 2052 392730
2016/12/29:23:23:43 0273776290 6299 5139 2051 392730
2016/12/30:00:23:32 0273776290 6299 5139 2050 393501
2016/12/30:01:23:37 0273776290 6299 5139 2050 393501
2016/12/30:02:23:40 0273776290 6299 5139 2049 395635
2016/12/30:05:23:28 0273776290 6299 5139 2049 395935
2016/12/30:06:23:32 0273776290 6299 5139 2049 395147
2016/12/30:08:23:55 0273776290 6299 5139 2049 394493
2016/12/30:10:23:48 0273776290 6299 5139 2049 393447
2016/12/30:12:23:36 0273776290 6299 5139 2046 393423
2016/12/30:14:24:06 0273776290 6299 5139 2046 395741
2016/12/30:19:23:50 0273776290 6299 5139 2045 403597
2016/12/30:23:23:32 0273776290 6299 5999 2045 406892
2016/12/31:00:23:34 0273776290 6299 5999 2045 407415
2016/12/31:01:23:32 0273776290 6299 5999 2045 407415
2016/12/31:02:23:43 0273776290 6299 5999 2045 409277
2016/12/31:03:23:28 0273776290 6299 5999 2045 409182
2016/12/31:04:23:32 0273776290 6299 5999 2045 409181
2016/12/31:05:23:31 0273776290 6299 5999 2045 409181
2016/12/31:06:23:36 0273776290 6299 5999 2045 408235
2016/12/31:07:23:44 0273776290 6299 5999 2045 407396
2016/12/31:11:23:28 0273776290 6299 5999 2044 406174
2016/12/31:12:23:36 0273776290 6299 5999 2043 405961
2016/12/31:13:23:31 0273776290 6299 5999 2042 407569
2016/12/31:14:23:31 0273776290 6299 5999 2042 407569
2017/01/01:20:23:36 0273776290 6299 5999 2038 410569
2017/01/01:22:23:32 0273776290 6299 5999 2038 412540
2017/01/01:23:23:20 0273776290 6299 5999 2038 412540
2017/01/02:00:23:47 0273776290 6299 5999 2038 412571
2017/01/02:01:23:38 0273776290 6299 5999 2038 412571
2017/01/02:02:23:43 0273776290 6299 5999 2037 413969
2017/01/02:03:23:31 0273776290 6299 5999 2037 413232
2017/01/02:04:23:44 0273776290 6299 5999 2037 412518
2017/01/02:05:23:43 0273776290 6299 5999 2037 412518
2017/01/02:06:23:36 0273776290 6299 5999 2037 411027
2017/01/02:10:24:04 0273776290 6299 5999 2037 407689
2017/01/02:16:23:28 0273776290 6299 5999 2035 409889
2017/01/02:19:23:39 0273776290 6299 5999 2035 415281
