Time: ISBN: Retail-Price: Lowest-New-Price: Lowest-Used-Price: Sales-Rank
2016/03/05:11:54:34 0415602602 4179 3419 3727 153321
2016/03/05:12:18:50 0415602602 4179 3419 3727 153321
2016/03/05:12:39:09 0415602602 4179 3419 3727 153321
2016/03/05:12:54:57 0415602602 4179 3419 3728 153321
2016/03/05:17:40:49 0415602602 4179 3419 3727 159526
2016/03/05:19:30:16 0415602602 4179 3419 3727 159571
2016/03/05:20:19:16 0415602602 4179 3419 3728 166088
2016/03/05:21:49:51 0415602602 4179 3419 3728 175240
2016/03/05:23:10:40 0415602602 4179 3419 3728 175863
2016/03/06:03:51:00 0415602602 4179 3419 3728 189301
2016/03/06:08:37:40 0415602602 4179 3419 3727 199878
2016/03/06:09:41:30 0415602602 4179 3419 3727 203224
2016/03/06:10:33:56 0415602602 4179 3419 3727 203602
2016/03/06:11:29:11 0415602602 4179 3419 3727 203498
2016/03/06:14:30:02 0415602602 4179 3419 3728 204027
2016/03/06:14:45:03 0415602602 4179 3419 3728 204204
2016/03/06:15:52:39 0415602602 4179 3419 3728 204720
2016/03/06:16:35:48 0415602602 4179 3419 3728 204720
2016/03/06:17:50:12 0415602602 4179 3419 3728 208219
2016/03/06:20:47:29 0415602602 4179 3419 3727 207254
2016/03/06:22:32:38 0415602602 4179 3419 3727 214114
2016/03/06:22:56:30 0415602602 4179 3419 3727 214146
2016/03/06:23:08:11 0415602602 4179 3419 3727 214146
2016/03/07:07:37:27 0415602602 4179 3419 3728 79411
2016/03/07:09:28:06 0415602602 4179 3419 3727 79411
2016/03/07:10:52:16 0415602602 4179 3419 3727 80487
2016/03/07:11:30:42 0415602602 4179 3419 3728 80487
2016/03/07:12:34:54 0415602602 4179 3419 3728 86831
2016/03/07:14:00:46 0415602602 4179 3419 3728 90023
2016/03/07:15:30:00 0415602602 4179 3419 3728 90023
2016/03/07:16:19:36 0415602602 4179 3419 3728 20758
2016/03/07:16:57:03 0415602602 4179 3419 3728 20760
2016/03/07:19:09:34 0415602602 4179 3419 3728 22063
2016/03/07:22:41:25 0415602602 4179 3419 3727 44138
2016/03/07:23:48:31 0415602602 4179 3419 3727 44140
2016/03/08:07:42:45 0415602602 4179 3419 3728 85438
2016/03/08:09:05:24 0415602602 4179 3419 3728 84543
2016/03/08:11:55:48 0415602602 4179 3419 3727 87720
2016/03/08:13:12:56 0415602602 4179 3419 3727 87720
2016/03/08:14:40:26 0415602602 4179 3419 3727 88487
2016/03/08:17:15:41 0415602602 4179 3419 3727 93515
2016/03/08:19:42:50 0415602602 4179 3419 3728 95032
2016/03/09:07:47:09 0415602602 4179 3419 3728 55205
2016/03/09:09:57:31 0415602602 4179 3419 3727 54046
2016/03/09:10:53:10 0415602602 4179 3419 3727 59290
2016/03/09:15:02:55 0415602602 4179 3419 3728 63186
2016/03/09:15:53:56 0415602602 4179 3419 3728 63186
2016/03/09:18:42:05 0415602602 4179 3419 3728 71847
2016/03/09:19:59:40 0415602602 4179 3419 3728 71938
2016/03/09:20:27:26 0415602602 4179 3419 3728 87462
2016/03/09:21:16:38 0415602602 4179 3419 3728 87462
2016/03/09:22:33:08 0415602602 4179 3419 3728 87916
2016/03/09:22:45:01 0415602602 4179 3419 3728 87916
2016/03/09:23:25:06 0415602602 4179 3419 3728 87916
2016/03/09:23:46:19 0415602602 4179 3419 3728 87917
2016/03/10:05:04:00 0415602602 4179 3419 3727 125527
2016/03/10:07:51:02 0415602602 4179 3419 3727 126150
2016/03/10:09:38:11 0415602602 4179 3419 3728 134231
2016/03/10:11:07:50 0415602602 4179 3419 3728 135189
2016/03/10:11:58:13 0415602602 4179 3419 3728 135189
2016/03/10:12:25:59 0415602602 4179 3419 3728 135188
2016/03/10:13:51:15 0415602602 4179 3419 3728 134579
2016/03/10:14:04:24 0415602602 4179 3419 3728 134579
2016/03/10:15:30:20 0415602602 4179 3419 3728 135007
2016/03/10:16:39:32 0415602602 4179 3419 3728 138467
2016/03/10:19:16:55 0415602602 4179 3419 3728 144241
2016/03/10:20:20:22 0415602602 4179 3419 3728 144507
2016/03/10:22:55:25 0415602602 4179 3419 3728 153800
2016/03/11:07:48:14 0415602602 4179 3419 3728 168715
2016/03/11:09:49:41 0415602602 4179 3419 3728 174751
2016/03/11:13:41:23 0415602602 4179 3419 3728 172794
2016/03/11:15:52:13 0415602602 4179 3419 3728 174279
2016/03/11:16:48:15 0415602602 4179 3419 3728 174324
2016/03/11:17:28:59 0415602602 4179 3419 3728 178462
2016/03/11:19:35:30 0415602602 4179 3419 3727 176830
2016/03/11:22:47:44 0415602602 4179 3419 3727 185285
2016/03/12:12:11:39 0415602602 4179 3419 3728 211323
2016/03/12:13:47:13 0415602602 4179 3419 3728 211825
2016/03/12:18:54:21 0415602602 4179 3419 3727 217210
2016/03/13:09:28:44 0415602602 4179 3419 3728 234842
2016/03/13:11:13:29 0415602602 4179 3419 3728 234744
2016/03/13:16:21:12 0415602602 4179 3419 3727 231794
2016/03/13:18:15:03 0415602602 4179 3419 3728 233058
2016/03/13:19:45:29 0415602602 4179 3419 3728 233100
2016/03/13:22:43:54 0415602602 4179 3419 3728 240040
2016/03/14:07:47:54 0415602602 4179 3419 3727 248057
2016/03/14:08:59:02 0415602602 4179 3419 3727 257179
2016/03/14:09:37:07 0415602602 4179 3419 3727 257179
2016/03/14:10:13:38 0415602602 4179 3419 3727 257179
2016/03/15:14:45:37 0415602602 4179 3419 2900 88077
2016/03/15:17:28:42 0415602602 4179 3419 2900 102838
2016/03/15:18:46:38 0415602602 4179 3419 2900 102953
2016/03/15:20:10:42 0415602602 4179 3419 2900 103328
2016/03/15:20:45:14 0415602602 4179 3419 2900 103328
2016/03/15:22:40:29 0415602602 4179 3419 2900 116831
2016/03/16:00:31:29 0415602602 4179 3419 2900 129028
2016/03/16:08:09:12 0415602602 4179 3419 2900 153827
2016/03/16:21:35:51 0415602602 4179 3419 2900 175666
2016/03/16:23:26:44 0415602602 4179 3419 2900 175870
2016/03/17:07:28:45 0415602602 4179 3419 2900 203050
2016/03/17:08:55:24 0415602602 4179 3419 2900 203050
2016/03/17:13:44:49 0415602602 4179 3419 2900 210296
2016/03/17:14:35:08 0415602602 4179 3419 2900 210154
2016/03/17:16:00:46 0415602602 4179 3419 2900 210387
2016/03/17:17:19:17 0415602602 4179 3419 2900 212513
2016/03/17:18:21:30 0415602602 4179 3419 2900 216798
2016/03/17:22:25:17 0415602602 4179 3419 2900 223118
2016/03/18:07:40:08 0415602602 4179 3419 2900 242749
2016/03/18:08:52:13 0415602602 4179 3419 2900 241340
2016/03/18:13:43:50 0415602602 4179 3419 2900 240409
2016/03/19:00:36:32 0415602602 4179 3419 2900 254607
2016/03/19:10:40:27 0415602602 4179 3419 2900 268818
2016/03/19:12:14:57 0415602602 4179 3419 2900 267871
2016/03/19:13:07:14 0415602602 4179 3419 2900 268121
2016/03/19:21:00:36 0415602602 4179 3419 2900 272801
2016/03/19:23:38:23 0415602602 4179 3419 2900 275190
2016/03/20:08:10:28 0415602602 4179 3419 2900 278675
2016/03/20:09:51:13 0415602602 4179 3419 2900 277708
2016/03/20:12:12:11 0415602602 4179 3419 2900 276842
2016/03/20:13:41:32 0415602602 4179 3419 2900 275554
2016/03/20:14:38:57 0415602602 4179 3419 2900 275648
2016/03/20:18:02:03 0415602602 4179 3419 2900 276763
2016/03/20:20:01:12 0415602602 4179 3419 2900 279697
2016/03/20:21:49:36 0415602602 4179 3419 2900 279833
2016/03/21:08:11:17 0415602602 4179 3419 2900 293698
2016/03/21:09:21:11 0415602602 4179 3419 2900 293698
2016/03/21:10:12:01 0415602602 4179 3419 2900 290786
2016/03/21:17:57:08 0415602602 4179 3419 2900 287092
2016/03/21:19:17:12 0415602602 4179 3419 2900 289456
2016/03/21:23:04:00 0415602602 4179 3419 2900 294511
2016/03/22:10:10:12 0415602602 4179 3419 2900 307742
2016/03/22:11:00:58 0415602602 4179 3419 2900 308189
2016/03/23:07:56:38 0415602602 4179 3419 2900 317814
2016/03/23:09:23:43 0415602602 4179 3419 2900 320471
2016/03/23:13:07:59 0415602602 4179 3419 2900 318074
2016/03/23:17:48:16 0415602602 4179 3419 2900 314195
2016/03/23:18:58:59 0415602602 4179 3419 2900 314873
2016/03/23:20:07:43 0415602602 4179 3419 2900 314984
2016/03/23:21:20:23 0415602602 4179 3419 2900 314984
2016/03/23:22:09:03 0415602602 4179 3419 2900 318443
2016/03/23:23:05:52 0415602602 4179 3419 2900 318443
2016/03/24:07:53:08 0415602602 4179 3419 2900 329225
2016/03/24:10:01:25 0415602602 4179 3419 2900 329226
2016/03/24:11:06:01 0415602602 4179 3419 2900 328784
2016/03/24:12:16:33 0415602602 4179 3419 2900 329061
2016/03/24:14:00:58 0415602602 4179 3419 2900 327067
2016/03/24:15:11:07 0415602602 4179 3419 2900 327020
2016/03/24:16:55:55 0415602602 4179 3419 2900 327122
2016/03/24:20:52:18 0415602602 4179 3419 2900 328581
2016/03/24:22:56:00 0415602602 4179 3419 2900 326479
2016/03/25:07:47:04 0415602602 4179 3419 2900 334310
2016/03/25:21:49:41 0415602602 4399 3419 2900 333845
2016/03/26:10:05:27 0415602602 4399 3419 2900 331889
2016/03/26:13:23:03 0415602602 4399 3419 2900 330704
2016/03/26:17:59:51 0415602602 4399 3419 2900 328930
2016/03/26:20:30:18 0415602602 4399 3419 2900 329026
2016/03/28:18:33:40 0415602602 4399 3419 2900 321205
2016/03/28:20:23:39 0415602602 4399 3419 2900 322902
2016/03/28:21:27:27 0415602602 4399 3419 2900 323599
2016/03/29:06:38:26 0415602602 4399 3419 2900 325322
2016/03/29:10:54:20 0415602602 4399 3419 2900 322662
2016/03/29:15:11:16 0415602602 4399 3419 2900 321147
2016/03/29:16:26:05 0415602602 4399 3419 2900 319782
2016/03/29:19:21:57 0415602602 4399 3419 2900 321739
2016/03/29:21:44:13 0415602602 4399 3419 2900 32038
2016/03/30:09:13:34 0415602602 4399 3419 2800 100277
2016/03/30:13:27:18 0415602602 4399 3419 2800 106662
2016/03/30:15:52:15 0415602602 4399 3419 2800 109602
2016/03/30:16:35:44 0415602602 4399 3419 2800 109602
2016/03/30:18:53:19 0415602602 4399 3419 2800 124626
2016/03/30:21:01:53 0415602602 4399 3419 2800 136657
2016/03/31:06:59:58 0415602602 4399 3419 2800 159493
2016/03/31:08:45:24 0415602602 4399 3419 2800 170397
2016/03/31:09:33:27 0415602602 4399 3419 2800 170397
2016/03/31:12:33:42 0415602602 4399 3419 2800 172812
2016/03/31:13:39:58 0415602602 4399 3419 2800 175370
2016/03/31:16:24:30 0415602602 4399 3419 2800 181016
2016/03/31:21:11:06 0415602602 4399 3419 2800 193801
2016/04/01:07:20:48 0415602602 4399 3419 2800 217427
2016/04/01:08:31:36 0415602602 4399 3419 2800 218695
2016/04/01:09:21:05 0415602602 4399 3419 2800 218695
2016/04/01:16:24:10 0415602602 4179 3419 2800 227249
2016/04/01:17:31:03 0415602602 4179 3419 2800 227249
2016/04/01:18:29:55 0415602602 4179 3419 2800 233243
2016/04/01:19:28:02 0415602602 4179 3419 2800 233243
2016/04/01:21:20:04 0415602602 4179 3419 2800 239285
2016/04/01:22:30:41 0415602602 4179 3419 2800 239285
2016/04/02:08:06:59 0415602602 4179 3419 2800 263645
2016/04/02:09:18:51 0415602602 4179 3419 2800 263829
2016/04/02:19:58:47 0415602602 4179 3419 2800 272738
2016/04/02:22:27:03 0415602602 4179 3419 2800 275743
2016/04/03:08:55:34 0415602602 4179 3419 2800 285966
2016/04/03:09:49:48 0415602602 4179 3419 2800 285966
2016/04/04:19:44:57 0415602602 4179 3419 2800 103858
2016/04/05:06:56:09 0415602602 4179 3419 2800 148956
2016/04/05:15:06:07 0415602602 4179 3419 2800 154706
2016/04/05:15:58:48 0415602602 4179 3419 2800 159766
2016/04/05:21:37:07 0415602602 4179 3419 2800 175274
2016/04/06:06:53:56 0415602602 4179 3419 2800 209142
2016/04/06:10:40:25 0415602602 4179 3419 2800 213584
2016/04/06:14:27:01 0415602602 4179 3419 2800 217079
2016/04/06:22:50:28 0415602602 4179 3419 2800 241688
2016/04/07:07:13:26 0415602602 4179 3419 2800 258677
2016/04/07:17:20:06 0415602602 4179 3419 2800 262648
2016/04/07:18:36:24 0415602602 4179 3419 2800 266895
2016/04/08:10:20:59 0415602602 4179 3437 2800 287051
2016/04/09:07:51:53 0415602602 4179 3420 2800 312285
2016/04/10:06:57:51 0415602602 4179 3420 2800 324661
2016/04/10:08:30:05 0415602602 4179 3420 2800 323882
2016/04/10:10:06:45 0415602602 4179 3420 2800 323883
2016/04/10:10:41:06 0415602602 4179 3420 2800 321637
2016/04/10:11:18:34 0415602602 4179 3420 2800 321637
2016/04/10:16:07:54 0415602602 4179 3420 2800 319100
2016/04/10:21:37:02 0415602602 4179 3420 2800 320210
2016/04/11:00:54:38 0415602602 4179 3420 2800 322619
2016/04/11:06:42:15 0415602602 4179 3420 2800 330618
2016/04/11:12:55:27 0415602602 4179 3420 2800 328544
2016/04/12:07:04:27 0415602602 4179 3420 2800 339929
2016/04/12:08:06:08 0415602602 4179 3420 2800 340272
2016/04/12:09:25:59 0415602602 4179 3420 2800 338142
2016/04/12:13:04:14 0415602602 4179 3420 2800 337133
2016/04/12:21:33:25 0415602602 4179 3420 2800 346238
2016/04/13:08:11:50 0415602602 4179 3420 2800 348929
2016/04/13:11:26:02 0415602602 4179 3420 2800 346952
2016/04/13:15:05:38 0415602602 4179 3420 2800 346842
2016/04/13:15:57:36 0415602602 4179 3420 2800 346865
2016/04/14:06:44:20 0415602602 4179 3420 2800 359829
2016/04/14:08:33:39 0415602602 4179 3420 2800 357481
2016/04/14:09:26:04 0415602602 4179 3420 2800 357481
2016/04/15:11:55:35 0415602602 4179 3420 3728 78094
2016/04/17:19:06:36 0415602602 4179 3420 3728 104959
2016/04/17:21:49:54 0415602602 4179 3420 3728 111547
2016/04/18:08:01:14 0415602602 4179 3420 3728 142606
2016/04/18:09:24:08 0415602602 4179 3420 3728 143351
2016/12/22:10:19:37 0415602602 3739 3409 3569 91700
2016/12/22:12:15:03 0415602602 3739 3409 3569 99933
2016/12/24:17:53:14 0415602602 3739 3433 3569 212812
2016/12/24:20:21:52 0415602602 3739 3433 3569 214947
2016/12/24:23:13:05 0415602602 3739 3433 3569 217229
2016/12/25:11:25:30 0415602602 3739 3433 3569 217704
2016/12/25:20:54:40 0415602602 3739 3433 3569 223538
2016/12/26:15:05:12 0415602602 3739 3433 3569 236134
2016/12/26:16:48:03 0415602602 3739 3433 3569 239664
2016/12/26:18:47:42 0415602602 3739 3433 3569 240941
2016/12/27:00:18:04 0415602602 3739 3433 3569 249717
2016/12/27:01:17:44 0415602602 3739 3433 3569 249717
2016/12/27:02:17:35 0415602602 3739 3433 3569 252434
2016/12/27:03:17:47 0415602602 3739 3433 3569 252921
2016/12/27:04:17:50 0415602602 3739 3433 3569 253365
2016/12/27:05:17:45 0415602602 3739 3433 3569 253365
2016/12/27:08:17:55 0415602602 3739 3433 3569 252051
2016/12/27:09:17:51 0415602602 3739 3433 3569 251040
2016/12/27:10:17:57 0415602602 3739 3433 3569 251040
2016/12/27:11:17:47 0415602602 3739 3433 3569 250599
2016/12/27:12:17:54 0415602602 3739 3433 3569 250526
2016/12/27:13:17:45 0415602602 3739 3433 3569 250526
2016/12/27:14:18:03 0415602602 3739 3433 3569 253227
2016/12/27:17:17:50 0415602602 3739 3433 3569 258620
2016/12/27:18:17:43 0415602602 3739 3433 3569 258620
2016/12/27:20:17:43 0415602602 3739 3433 3569 264524
2016/12/27:22:17:54 0415602602 3739 3433 3569 270838
2016/12/27:23:17:46 0415602602 3739 3433 3569 270838
2016/12/28:01:17:50 0415602602 3739 3433 3569 272970
2016/12/28:02:17:47 0415602602 3739 3433 3569 276839
2016/12/28:04:17:56 0415602602 3739 3433 3569 277799
2016/12/28:05:17:40 0415602602 3739 3433 3569 278500
2016/12/28:06:17:52 0415602602 3739 3433 3569 277916
2016/12/28:08:18:02 0415602602 3739 3433 3569 277440
2016/12/28:10:17:50 0415602602 3739 3433 3569 276590
2016/12/28:12:17:53 0415602602 3739 3433 3569 276399
2016/12/28:17:17:48 0415602602 3739 3433 3569 285020
2016/12/28:18:17:51 0415602602 3739 3433 3569 285020
2016/12/28:22:17:41 0415602602 3739 3433 3569 292171
2016/12/29:00:17:42 0415602602 3739 3433 3569 298310
2016/12/29:01:17:41 0415602602 3739 3433 3569 298310
2016/12/29:02:17:42 0415602602 3739 3433 3569 302258
2016/12/29:04:17:53 0415602602 3739 3433 3569 303431
2016/12/29:06:17:38 0415602602 3739 3433 3569 304524
2016/12/29:08:17:47 0415602602 3739 3433 3569 304347
2016/12/29:12:17:52 0415602602 3739 3433 3569 303770
2016/12/29:15:18:01 0415602602 3739 3433 3569 308168
2016/12/29:16:17:43 0415602602 3739 3433 3569 311984
2016/12/29:18:17:47 0415602602 3739 3433 3569 313412
2016/12/29:19:17:38 0415602602 3739 3433 3569 313412
2016/12/29:20:17:53 0415602602 3739 3433 3569 316923
2016/12/29:22:17:46 0415602602 3739 3433 3569 318417
2016/12/29:23:17:48 0415602602 3739 3433 3569 321723
2016/12/30:00:17:38 0415602602 3739 3433 3569 323188
2016/12/30:01:17:44 0415602602 3739 3433 3569 323188
2016/12/30:02:17:45 0415602602 3739 3433 3569 326427
2016/12/30:04:17:46 0415602602 3739 3433 3569 327146
2016/12/30:05:17:35 0415602602 3739 3433 3569 327991
2016/12/30:06:17:41 0415602602 3739 3433 3569 327777
2016/12/30:08:17:49 0415602602 3739 3433 3569 327579
2016/12/30:10:17:51 0415602602 3739 3433 3569 327192
2016/12/30:11:17:38 0415602602 3739 3433 3569 327343
2016/12/30:12:17:42 0415602602 3739 3433 3569 327393
2016/12/30:13:17:32 0415602602 3739 3433 3569 327393
2016/12/30:14:18:08 0415602602 3739 3433 3569 329924
2016/12/30:17:17:48 0415602602 3739 3433 3569 334405
2016/12/30:18:17:44 0415602602 3739 3433 3569 335344
2016/12/30:19:17:57 0415602602 3739 3433 3569 335344
2016/12/30:20:17:36 0415602602 3739 3433 3569 338789
2016/12/30:21:17:39 0415602602 3739 3433 3569 339658
2016/12/30:22:17:51 0415602602 3739 3433 3569 339658
2016/12/30:23:17:39 0415602602 3739 3433 3569 341925
2016/12/31:00:17:40 0415602602 3739 3433 3569 342321
2016/12/31:01:17:40 0415602602 3739 3433 3569 342321
2016/12/31:02:17:46 0415602602 3739 3433 3569 344365
2016/12/31:03:17:36 0415602602 3739 3433 3569 344083
2016/12/31:04:17:41 0415602602 3739 3433 3569 344083
2016/12/31:05:17:38 0415602602 3739 3433 3569 344068
2016/12/31:06:17:41 0415602602 3739 3433 3569 343163
2016/12/31:07:17:48 0415602602 3739 3433 3569 342391
2016/12/31:08:17:46 0415602602 3739 3433 3569 342391
2016/12/31:10:17:43 0415602602 3739 3433 3569 341517
2016/12/31:11:17:38 0415602602 3739 3433 3569 341162
2016/12/31:12:17:45 0415602602 3739 3433 3569 341026
2016/12/31:13:17:38 0415602602 3739 3433 3569 341026
2016/12/31:14:17:38 0415602602 3739 3433 3569 342969
2016/12/31:15:18:07 0415602602 3739 3433 3569 343650
2017/01/01:20:17:45 0415602602 3739 3433 3569 347447
2017/01/01:22:17:40 0415602602 3739 3433 3569 347819
2017/01/01:23:17:31 0415602602 3739 3433 3569 349981
2017/01/02:00:17:51 0415602602 3739 3433 3569 349980
2017/01/02:01:17:44 0415602602 3739 3433 3569 349980
2017/01/02:02:17:46 0415602602 3739 3433 3569 351782
2017/01/02:03:17:38 0415602602 3739 3433 3569 350977
2017/01/02:04:17:49 0415602602 3739 3433 3569 350977
2017/01/02:05:17:48 0415602602 3739 3433 3569 350326
2017/01/02:06:17:40 0415602602 3739 3433 3569 348431
2017/01/02:08:17:46 0415602602 3739 3433 3569 346507
2017/01/02:09:17:45 0415602602 3739 3433 3569 344546
2017/01/02:10:18:06 0415602602 3739 3433 3569 344546
2017/01/02:16:17:34 0415602602 3739 3433 3569 346553
2017/01/02:17:17:33 0415602602 3739 3433 3569 350197
2017/01/02:19:17:45 0415602602 3739 3433 3569 355013
