Time: ISBN: Retail-Price: Lowest-New-Price: Lowest-Used-Price: Sales-Rank 
2016/02/21:17:49:07 0691082405 5922 4139 4154 687446
2016/02/21:18:19:34 0691082405 5922 4139 4154 687492
2016/02/21:20:19:16 0691082405 5922 4139 4154 688981
2016/02/21:22:31:07 0691082405 5922 4139 4154 694056
2016/02/21:23:41:51 0691082405 5922 4139 4154 695324
2016/02/22:07:53:30 0691082405 5922 4222 4237 713527
2016/02/22:09:57:01 0691082405 5922 4222 4237 715218
2016/02/22:11:08:07 0691082405 5922 4222 4237 718454
2016/02/22:12:05:53 0691082405 5922 4222 4237 718454
2016/02/22:15:26:22 0691082405 5922 4222 4237 722376
2016/02/22:16:49:04 0691082405 5922 4222 4237 722424
2016/02/23:09:37:12 0691082405 5922 4222 4237 750476
2016/02/23:11:03:31 0691082405 5922 4222 4237 754402
2016/02/23:12:06:27 0691082405 5922 4222 4237 755496
2016/02/23:13:56:56 0691082405 5922 4222 4237 757064
2016/02/23:15:12:28 0691082405 5922 4222 4237 758711
2016/02/23:16:11:14 0691082405 5922 4222 4237 758709
2016/02/23:17:31:52 0691082405 5922 4222 4237 761400
2016/02/24:09:20:57 0691082405 5922 4222 4237 786157
2016/02/24:11:23:57 0691082405 5922 4222 4237 789865
2016/02/24:13:13:53 0691082405 5922 4222 4237 790018
2016/02/24:14:18:13 0691082405 5922 4222 4237 791015
2016/02/24:16:53:35 0691082405 5922 4222 4237 791229
2016/02/24:19:46:29 0691082405 5922 4222 4237 795176
2016/02/24:21:14:56 0691082405 5922 4222 4237 803304
2016/02/24:22:47:58 0691082405 5922 4222 4237 803303
2016/02/24:23:10:47 0691082405 5922 4222 4237 804225
2016/02/25:08:11:23 0691082405 5922 4139 4154 818055
2016/02/25:09:04:53 0691082405 5922 4139 4154 818583
2016/02/25:10:14:57 0691082405 5922 4139 4154 820033
2016/02/25:11:40:05 0691082405 5922 4139 4154 821790
2016/02/25:15:24:56 0691082405 5922 4139 4154 824942
2016/02/25:16:57:21 0691082405 5922 4139 4154 824945
2016/02/25:19:07:11 0691082405 5922 4139 4154 828929
2016/02/25:21:39:42 0691082405 5922 4139 4154 833805
2016/02/25:22:36:49 0691082405 5922 4139 4154 833804
2016/02/26:07:36:12 0691082405 5922 4139 4154 849576
2016/02/26:08:53:04 0691082405 5922 4139 4154 850196
2016/02/26:09:55:33 0691082405 5922 4139 4154 851244
2016/02/26:10:56:47 0691082405 5922 4139 4154 851544
2016/02/26:13:25:17 0691082405 5922 4139 4154 854599
2016/02/26:15:33:49 0691082405 5922 4139 4154 856897
2016/02/26:19:57:59 0691082405 5922 4139 4154 861331
2016/02/26:23:55:59 0691082405 5922 4139 4154 866941
2016/02/27:08:13:44 0691082405 5922 4139 4154 879250
2016/02/27:09:44:50 0691082405 5922 4139 4154 881437
2016/02/27:10:45:18 0691082405 5922 4139 4154 881810
2016/02/27:14:29:49 0691082405 5922 4139 4154 884050
2016/02/27:16:36:46 0691082405 5922 4139 4154 885181
2016/02/27:17:12:06 0691082405 5922 4139 4154 885181
2016/02/27:17:53:50 0691082405 5922 4139 4154 885181
2016/02/27:19:47:56 0691082405 5922 4139 4154 887307
2016/02/28:00:00:37 0691082405 5922 4139 4154 894968
2016/02/28:00:32:21 0691082405 5922 4139 4154 895459
2016/02/28:03:46:46 0691082405 5922 4139 4154 900262
2016/02/28:10:31:21 0691082405 5922 4139 4154 908873
2016/02/28:11:19:12 0691082405 5922 4139 4154 909279
2016/02/28:13:22:13 0691082405 5922 4222 4237 910170
2016/02/28:17:26:38 0691082405 5922 4222 4237 914419
2016/02/28:19:38:26 0691082405 5922 4222 4237 917145
2016/02/28:20:53:20 0691082405 5922 4222 4237 917340
2016/02/28:22:24:50 0691082405 5922 4222 4237 920752
2016/02/28:23:04:41 0691082405 5922 4222 4237 920956
2016/02/29:09:30:44 0691082405 5922 4222 4237 935023
2016/02/29:10:38:46 0691082405 5922 4222 4237 935977
2016/02/29:12:00:33 0691082405 5922 4222 4237 936038
2016/02/29:12:29:37 0691082405 5922 4222 4237 938337
2016/02/29:12:48:59 0691082405 5922 4222 4237 938337
2016/02/29:13:52:37 0691082405 5922 4222 4237 938426
2016/02/29:15:28:56 0691082405 5922 4222 4237 941148
2016/02/29:15:50:21 0691082405 5922 4222 4237 941148
2016/02/29:16:24:57 0691082405 5922 4222 4237 941148
2016/03/01:02:18:47 0691082405 5922 4222 4237 955853
2016/03/01:09:35:08 0691082405 5922 4222 4237 965009
2016/03/01:11:59:33 0691082405 5922 4222 4237 968660
2016/03/01:15:22:18 0691082405 5922 4222 4237 970164
2016/03/01:18:45:44 0691082405 5922 4222 4237 974854
2016/03/01:20:06:20 0691082405 5922 4222 4237 974915
2016/03/01:21:05:14 0691082405 5922 4222 4237 979236
2016/03/01:21:57:18 0691082405 5922 4222 4237 980247
2016/03/01:23:12:54 0691082405 5922 4222 4237 980470
2016/03/01:23:28:23 0691082405 5922 4222 4237 980470
2016/03/02:07:29:06 0691082405 5922 4222 4237 993658
2016/03/02:09:43:40 0691082405 5922 4222 4237 994964
2016/03/02:12:03:59 0691082405 5922 4222 4237 998249
2016/03/02:12:52:12 0691082405 5922 4222 4237 999573
2016/03/02:15:56:20 0691082405 5922 4140 4237 1000944
2016/03/02:16:51:38 0691082405 5922 4140 4237 1002633
2016/03/02:18:47:21 0691082405 5922 4140 4237 1005490
2016/03/02:21:26:26 0691082405 5922 4139 4154 1009818
2016/03/02:23:09:51 0691082405 5922 4139 4154 1010960
2016/03/03:09:28:52 0691082405 5922 4139 4154 1024146
2016/03/03:10:24:31 0691082405 5922 4139 4154 1027675
2016/03/03:10:39:39 0691082405 5922 4139 4154 1027675
2016/03/03:11:41:03 0691082405 5922 4139 4154 1027675
2016/03/03:12:17:05 0691082405 5922 4139 4154 1027675
2016/03/03:12:40:58 0691082405 5922 4139 4154 1027675
2016/03/03:13:03:32 0691082405 5922 4139 4154 1028649
2016/03/03:15:15:28 0691082405 5922 4139 4154 1029869
2016/03/03:17:14:23 0691082405 5922 4139 4154 1031510
2016/03/03:17:48:18 0691082405 5922 4139 4154 1031510
2016/03/03:18:07:34 0691082405 5922 4139 4154 1031510
2016/03/03:18:34:15 0691082405 5922 4139 4154 1031510
2016/03/03:19:57:20 0691082405 5922 4139 4154 1034346
2016/03/03:20:43:36 0691082405 5922 4139 4154 1038263
2016/03/04:07:35:26 0691082405 5922 4139 4154 1050621
2016/03/04:09:13:51 0691082405 5922 4139 4154 1054187
2016/03/04:09:48:47 0691082405 5922 4139 4154 1054187
2016/03/04:11:09:45 0691082405 5922 4139 4154 1054276
2016/03/04:11:37:08 0691082405 5922 4139 4154 1055291
2016/03/04:11:55:45 0691082405 5922 4139 4154 1055291
2016/03/04:13:06:50 0691082405 5922 4139 4154 1056144
2016/03/04:16:27:01 0691082405 5922 4139 4154 1057798
2016/03/04:17:04:48 0691082405 5922 4139 4154 1060088
2016/03/04:19:28:56 0691082405 5922 4139 4154 1062935
2016/03/04:20:08:19 0691082405 5922 4139 4154 1062935
2016/03/04:21:15:42 0691082405 5922 4139 4154 1062935
2016/03/04:22:37:49 0691082405 5922 4139 4154 1066642
2016/03/04:23:32:51 0691082405 5922 4139 4154 1066642
2016/03/05:08:42:55 0691082405 5922 4222 4237 1078043
2016/03/05:09:59:14 0691082405 5922 4222 4237 1080491
2016/03/05:10:57:22 0691082405 5922 4222 4237 1081998
2016/03/05:11:52:39 0691082405 5922 4222 4237 1081998
2016/03/05:12:17:01 0691082405 5922 4222 4237 1081998
2016/03/05:12:37:21 0691082405 5922 4222 4237 1081998
2016/03/05:12:53:09 0691082405 5922 4222 4237 1081998
2016/03/05:17:39:01 0691082405 5922 4222 4237 1086192
2016/03/05:19:28:28 0691082405 5922 4222 4237 1086236
2016/03/05:20:17:28 0691082405 5922 4222 4237 1088702
2016/03/05:21:48:03 0691082405 5922 4222 4237 1091626
2016/03/05:23:08:52 0691082405 5922 4222 4237 1091626
2016/03/06:03:49:12 0691082405 5922 4222 4237 1097942
2016/03/06:08:35:53 0691082405 5922 4222 4237 1102392
2016/03/06:09:39:42 0691082405 5922 4222 4237 1104203
2016/03/06:10:32:08 0691082405 5922 4222 4237 1104581
2016/03/06:11:27:18 0691082405 5922 4222 4237 1104581
2016/03/06:14:28:14 0691082405 5922 4222 4237 1106568
2016/03/06:14:43:15 0691082405 5922 4222 4237 1106568
2016/03/06:15:50:50 0691082405 5922 4222 4237 1106746
2016/03/06:16:34:00 0691082405 5922 4222 4237 1107873
2016/03/06:17:48:25 0691082405 5922 4222 4237 1109913
2016/03/06:20:45:41 0691082405 5922 4222 4237 1110833
2016/03/06:22:30:51 0691082405 5922 4222 4237 1113757
2016/03/06:22:54:42 0691082405 5922 4222 4237 1113789
2016/03/06:23:06:23 0691082405 5922 4222 4237 1113789
2016/03/07:07:35:37 0691082405 5922 4140 4237 1124694
2016/03/07:09:26:18 0691082405 5922 4140 4237 1126043
2016/03/07:10:50:28 0691082405 5922 4139 4237 1126785
2016/03/07:11:28:54 0691082405 5922 4139 4237 1127415
2016/03/07:12:33:06 0691082405 5922 4139 4237 1129332
2016/03/07:13:58:59 0691082405 5922 4139 4154 1130653
2016/03/07:15:28:12 0691082405 5922 4139 4154 1130653
2016/03/07:16:17:48 0691082405 5922 4139 4154 1132623
2016/03/07:16:55:16 0691082405 5922 4139 4154 1132895
2016/03/07:19:07:46 0691082405 5922 4139 4154 1133948
2016/03/07:22:39:36 0691082405 5922 4139 4154 1140203
2016/03/07:23:46:43 0691082405 5922 4139 4154 1140469
2016/03/08:07:40:58 0691082405 5922 4139 4154 1150790
2016/03/08:09:03:37 0691082405 5922 4139 4154 1152202
2016/03/08:11:54:00 0691082405 5922 4139 4154 1155157
2016/03/08:13:11:09 0691082405 5922 4139 4154 1155155
2016/03/08:14:38:38 0691082405 5922 4139 4154 1156316
2016/03/08:17:13:53 0691082405 5922 4139 4154 1158487
2016/03/08:19:41:02 0691082405 5922 4139 4154 1158481
2016/03/09:07:45:21 0691082405 5922 4139 4154 1175588
2016/03/09:09:55:43 0691082405 5922 4139 4154 1176836
2016/03/09:10:51:13 0691082405 5922 4139 4154 1178741
2016/03/09:15:01:07 0691082405 5922 4139 4154 1181637
2016/03/09:15:52:08 0691082405 5922 4139 4154 1181637
2016/03/09:18:40:18 0691082405 5922 4139 4154 1184767
2016/03/09:19:57:52 0691082405 5922 4139 4154 1184854
2016/03/09:20:25:38 0691082405 5922 4139 4154 1188105
2016/03/09:21:14:48 0691082405 5922 4139 4154 1188105
2016/03/09:22:31:20 0691082405 5922 4222 4237 1188174
2016/03/09:22:43:13 0691082405 5922 4222 4237 1189162
2016/03/09:23:23:18 0691082405 5922 4222 4237 1189162
2016/03/09:23:44:31 0691082405 5922 4222 4237 1189149
2016/03/10:05:02:13 0691082405 5922 4222 4237 1198263
2016/03/10:07:49:14 0691082405 5922 4222 4237 1199613
2016/03/10:09:36:04 0691082405 5922 4222 4237 1201939
2016/03/10:10:47:30 0691082405 5922 4222 4237 1203501
2016/03/10:11:06:01 0691082405 5922 4222 4237 1203501
2016/03/10:11:56:22 0691082405 5922 4222 4237 1203501
2016/03/10:12:24:10 0691082405 5922 4222 4237 1203500
2016/03/10:13:49:26 0691082405 5922 4222 4237 1204557
2016/03/10:14:02:36 0691082405 5922 4222 4237 1204557
2016/03/10:15:28:32 0691082405 5922 4222 4237 1205597
2016/03/10:16:37:44 0691082405 5922 4222 4237 1205662
2016/03/10:19:15:07 0691082405 5922 4222 4237 1209584
2016/03/10:20:18:34 0691082405 5922 4222 4237 1209855
2016/03/10:22:53:37 0691082405 5922 4222 4237 1212555
2016/03/11:07:46:26 0691082405 5922 4222 4237 1221722
2016/03/11:09:47:40 0691082405 5922 4222 4237 1224635
2016/03/11:13:39:32 0691082405 5922 4222 4237 1226412
2016/03/11:15:50:25 0691082405 5922 4222 4237 1227921
2016/03/11:16:46:18 0691082405 5922 4222 4237 1227966
2016/03/11:17:27:10 0691082405 5922 4222 4237 1229886
2016/03/11:19:33:42 0691082405 5922 4222 4237 1229922
2016/03/11:22:45:55 0691082405 5922 4140 4237 1236628
2016/03/12:12:09:51 0691082405 5922 4139 4154 1246441
2016/03/12:13:45:25 0691082405 5922 4139 4154 1247561
2016/03/12:18:52:33 0691082405 5922 4139 4154 1250386
2016/03/13:09:26:56 0691082405 5922 4139 4154 1262296
2016/03/13:11:11:41 0691082405 5922 4139 4154 1263579
2016/03/13:16:19:25 0691082405 5922 4139 4154 1265002
2016/03/13:18:13:15 0691082405 5922 4139 4154 1267583
2016/03/13:19:43:41 0691082405 5922 4139 4154 1267626
2016/03/13:22:42:05 0691082405 5922 4139 4154 1271495
2016/03/14:07:46:06 0691082405 5922 4222 4237 1277379
2016/03/14:08:57:14 0691082405 5922 4222 4237 1280557
2016/03/14:09:35:19 0691082405 5922 4222 4237 1280557
2016/03/14:10:11:50 0691082405 5922 4222 4237 1280557
2016/03/15:14:41:49 0691082405 5922 4222 4237 1302376
2016/03/15:17:24:52 0691082405 5922 4222 4237 1305604
2016/03/15:18:42:50 0691082405 5922 4222 4237 1305718
2016/03/15:20:06:59 0691082405 5922 4222 4237 1306266
2016/03/15:20:41:35 0691082405 5922 4222 4237 1306488
2016/03/15:22:36:46 0691082405 5922 4222 4237 1309232
2016/03/16:00:27:47 0691082405 5922 4222 4237 1311914
2016/03/16:08:05:31 0691082405 5922 4222 4237 1319359
2016/03/16:21:32:02 0691082405 5922 4139 4154 1327691
2016/03/16:23:22:52 0691082405 5922 4139 4154 1327890
2016/03/17:07:24:57 0691082405 5922 4139 4154 1334733
2016/03/17:08:51:37 0691082405 5922 4139 4154 1335712
2016/03/17:13:40:58 0691082405 5922 4139 4154 1338654
2016/03/17:14:31:19 0691082405 5922 4139 4154 1339156
2016/03/17:15:56:56 0691082405 5922 4139 4154 1339389
2016/03/17:17:15:30 0691082405 5922 4139 4154 1340505
2016/03/17:18:17:33 0691082405 5922 4139 4154 1342128
2016/03/17:22:21:18 0691082405 5922 4139 4154 1345299
2016/03/18:07:36:16 0691082405 5922 4210 4225 1352768
2016/03/18:08:48:24 0691082405 5922 4210 4225 1353199
2016/03/18:13:39:56 0691082405 5922 4210 4225 1354773
2016/03/19:00:32:37 0691082405 5922 4210 4225 1362669
2016/03/19:10:36:35 0691082405 5922 4210 4225 1369694
2016/03/19:12:11:04 0691082405 5922 4210 4225 1370026
2016/03/19:13:03:23 0691082405 5922 4210 4225 1370276
2016/03/19:20:56:44 0691082405 5922 4245 4246 1374066
2016/03/19:23:34:31 0691082405 5922 4245 4246 1374371
2016/03/20:08:06:32 0691082405 5922 4245 4246 1380943
2016/03/20:09:47:20 0691082405 5922 4245 4259 1380943
2016/03/20:12:08:18 0691082405 5922 4245 4259 1382046
2016/03/20:13:37:35 0691082405 5922 4245 4259 1382776
2016/03/20:14:35:04 0691082405 5922 4245 4259 1382870
2016/03/20:17:58:11 0691082405 5922 4245 4259 1384313
2016/03/20:19:57:20 0691082405 5922 4245 4259 1384329
2016/03/20:21:45:39 0691082405 5922 4245 4259 1385766
2016/03/21:08:07:23 0691082405 5922 4211 4259 1393968
2016/03/21:09:17:20 0691082405 5922 4211 4259 1393968
2016/03/21:10:08:09 0691082405 5922 4211 4259 1393992
2016/03/21:17:53:22 0691082405 5922 4211 4207 1397403
2016/03/21:19:13:26 0691082405 5922 4211 4207 1397442
2016/03/21:23:00:12 0691082405 5922 4211 4201 1400013
2016/03/22:10:06:26 0691082405 5922 4210 4180 1408607
2016/03/22:10:57:11 0691082405 5922 4210 4178 1409055
2016/03/23:07:51:53 0691082405 5922 4210 4147 1419036
2016/03/23:09:18:59 0691082405 5922 4210 4145 1419553
2016/03/23:13:03:12 0691082405 5922 4210 4142 1421302
2016/03/23:14:01:43 0691082405 5922 4210 4141 1421302
2016/03/23:17:43:27 0691082405 5922 4210 4139 1422438
2016/03/23:18:54:14 0691082405 5922 4210 4138 1423580
2016/03/23:20:02:56 0691082405 5922 4210 4138 1423691
2016/03/23:21:15:39 0691082405 5922 4210 4138 1423691
2016/03/23:22:04:17 0691082405 5922 4210 4136 1425338
2016/03/23:23:01:05 0691082405 5922 4210 4136 1425338
2016/03/24:07:48:25 0691082405 5922 4210 4130 1430942
2016/03/24:09:56:46 0691082405 5922 4210 4130 1431527
2016/03/24:11:01:20 0691082405 5922 4210 4130 1431797
2016/03/24:12:11:53 0691082405 5922 4210 4130 1432072
2016/03/24:13:56:17 0691082405 5922 4210 4130 1432331
2016/03/24:15:06:20 0691082405 5922 4210 4130 1433185
2016/03/24:16:51:12 0691082405 5922 4210 4130 1433287
2016/03/24:20:47:35 0691082405 5922 4210 4127 1435730
2016/03/24:22:50:57 0691082405 5922 4210 4127 1436254
2016/03/25:07:42:07 0691082405 5922 4245 4121 1442141
2016/03/25:09:17:22 0691082405 5922 4245 4121 1443697
2016/03/25:21:44:39 0691082405 5922 4211 4115 1446726
2016/03/26:10:00:27 0691082405 5922 4211 4104 1452305
2016/03/26:13:18:05 0691082405 5922 4211 4104 1452413
2016/03/26:17:54:52 0691082405 5922 4211 3995 1453115
2016/03/26:20:25:22 0691082405 5922 4211 3993 1453763
2016/03/27:13:47:46 0691082405 5922 4210 3983 1460003
2016/03/28:18:28:38 0691082405 5922 4210 3966 1466169
2016/03/28:20:18:40 0691082405 5922 4210 3966 1467080
2016/03/28:21:22:30 0691082405 5922 4210 3966 1467911
2016/03/29:06:33:29 0691082405 5922 4245 3960 1471048
2016/03/29:10:49:22 0691082405 5922 4245 3957 1472304
2016/03/29:15:06:16 0691082405 5922 4245 3953 1472129
2016/03/29:16:21:08 0691082405 5922 4245 3951 1472068
2016/03/29:19:16:58 0691082405 5922 4244 3947 1473042
2016/03/29:21:39:12 0691082405 5922 4244 3944 1474094
2016/03/30:09:08:33 0691082405 5922 4244 3939 1480461
2016/03/30:13:22:19 0691082405 5922 4245 3939 1480260
2016/03/30:15:47:15 0691082405 5922 4211 3939 1480093
2016/03/30:16:30:48 0691082405 5922 4211 3939 1480093
2016/03/30:18:48:21 0691082405 5922 4211 3939 1481189
2016/03/30:20:56:58 0691082405 5922 4210 3938 1482628
2016/03/31:06:55:04 0691082405 5922 4210 3937 1486095
2016/03/31:08:40:26 0691082405 5922 4210 3935 1487501
2016/03/31:09:28:32 0691082405 5922 4210 3935 1487501
2016/03/31:12:28:40 0691082405 5922 4210 3935 1487727
2016/03/31:13:34:56 0691082405 5922 4210 3935 1487576
2016/03/31:14:24:58 0691082405 5922 4210 3935 1487576
2016/03/31:16:19:30 0691082405 5922 4210 3934 1488122
2016/03/31:21:05:59 0691082405 5922 4210 3933 1490026
2016/04/01:07:15:44 0691082405 5922 4245 3931 1494123
2016/04/01:08:26:31 0691082405 5922 4244 3931 1494338
2016/04/01:09:16:02 0691082405 5922 4244 3931 1494338
2016/04/01:16:19:14 0691082405 5922 4245 3919 1494826
2016/04/01:17:26:02 0691082405 5922 4245 3919 1494822
2016/04/01:18:24:58 0691082405 5922 4245 3916 1495506
2016/04/01:19:23:03 0691082405 5922 4245 3916 1495506
2016/04/01:21:15:04 0691082405 5922 4245 3913 1496334
2016/04/01:22:25:41 0691082405 5922 4245 3913 1496334
2016/04/02:08:01:59 0691082405 5922 4244 3899 1500076
2016/04/02:09:13:53 0691082405 5922 4244 3898 1500260
2016/04/02:19:53:45 0691082405 5922 4245 3903 1501290
2016/04/02:22:22:03 0691082405 5922 4245 3903 1501859
2016/04/03:08:50:33 0691082405 5922 4244 3903 1504310
2016/04/03:09:44:45 0691082405 5922 4244 3903 1504524
2016/04/04:19:39:53 0691082405 5922 4245 3889 1511071
2016/04/05:06:51:08 0691082405 5922 4245 3874 1514407
2016/04/05:15:01:06 0691082405 5922 4440 3863 1514188
2016/04/05:15:53:45 0691082405 5922 4440 3862 1514385
2016/04/05:21:32:05 0691082405 5922 4439 3854 1516153
2016/04/06:06:48:59 0691082405 5922 4440 3842 1519730
2016/04/06:10:35:28 0691082405 5922 4440 3838 1518847
2016/04/06:14:21:55 0691082405 5922 4439 3833 1518840
2016/04/06:22:45:24 0691082405 5922 4439 3826 1522210
2016/04/07:07:08:21 0691082405 5922 4585 3814 1524398
2016/04/07:17:14:54 0691082405 5922 4586 3805 1524133
2016/04/07:18:31:23 0691082405 5922 4586 3803 1524803
2016/04/08:10:15:59 0691082405 5922 4586 3785 1528406
2016/04/09:07:46:53 0691082405 5922 4585 3760 1531661
2016/04/10:06:52:55 0691082405 5922 4327 3893 1534051
2016/04/10:08:25:07 0691082405 5922 4327 3892 1533843
2016/04/10:10:01:48 0691082405 5922 4327 3890 1533840
2016/04/10:10:36:13 0691082405 5922 4327 3736 1533208
2016/04/10:11:13:39 0691082405 5922 4327 3889 1533208
2016/04/10:16:02:59 0691082405 5922 4327 3883 1532602
2016/04/10:21:31:57 0691082405 5922 4327 3877 1533173
2016/04/11:00:49:40 0691082405 5922 4327 3872 1534073
2016/04/11:06:37:15 0691082405 5922 4327 3865 1536518
2016/04/11:12:50:34 0691082405 5922 4327 3859 1535793
2016/04/12:06:59:25 0691082405 5922 4327 3841 1540938
2016/04/12:08:01:11 0691082405 5922 4327 3839 1541283
2016/04/12:09:20:56 0691082405 5922 4327 3839 1540844
2016/04/12:12:58:53 0691082405 5922 4281 3836 1540782
2016/04/12:21:28:24 0691082405 5922 4281 3829 1542836
2016/04/13:08:06:55 0691082405 5922 4281 3812 1544915
2016/04/13:11:21:06 0691082405 5922 4281 3809 1544894
2016/04/13:15:00:41 0691082405 5922 4281 3806 1544387
2016/04/13:15:52:38 0691082405 5922 4281 3806 1544400
2016/04/14:06:39:26 0691082405 5922 4281 3543 1547939
2016/04/14:08:28:55 0691082405 5922 4281 3543 1548178
2016/04/14:09:21:18 0691082405 5922 4281 3543 1547689
2016/04/15:11:50:48 0691082405 5922 4283 3543 1549831
2016/04/17:19:01:47 0691082405 5922 4289 3543 1553699
2016/04/17:21:45:06 0691082405 5922 4289 3543 1553877
2016/04/18:07:56:25 0691082405 5922 4289 3543 1556016
2016/04/18:09:19:20 0691082405 5922 4289 3543 1555712
2016/12/22:10:16:30 0691082405 5969 4491 4068 1613125
2016/12/22:12:11:53 0691082405 5969 4491 4068 1612377
2016/12/24:17:50:00 0691082405 5969 4491 4065 1604884
2016/12/24:20:18:41 0691082405 5969 4491 4065 1604835
2016/12/24:23:09:53 0691082405 5969 4491 4065 1604377
2016/12/25:11:22:20 0691082405 5969 4491 2357 1599422
2016/12/25:20:51:18 0691082405 5969 4491 2357 1597873
2016/12/26:15:02:06 0691082405 5969 4491 2925 1591895
2016/12/26:16:44:57 0691082405 5969 4491 2925 1592151
2016/12/26:18:44:37 0691082405 5969 4491 2925 1592160
2016/12/27:00:14:51 0691082405 5969 4429 4061 1592314
2016/12/27:01:14:39 0691082405 5969 4429 4060 1592314
2016/12/27:02:14:32 0691082405 5969 4429 4060 1592257
2016/12/27:03:14:40 0691082405 5969 4429 4060 1591908
2016/12/27:04:14:44 0691082405 5969 4429 4057 1591908
2016/12/27:05:14:41 0691082405 5969 4429 4057 1591417
2016/12/27:08:14:48 0691082405 5969 4429 4055 1590002
2016/12/27:09:14:44 0691082405 5969 4429 4055 1589191
2016/12/27:10:14:50 0691082405 5969 4429 4055 1589191
2016/12/27:11:14:40 0691082405 5969 4429 4055 1588498
2016/12/27:12:14:49 0691082405 5969 4429 4053 1587887
2016/12/27:13:14:38 0691082405 5969 4429 4053 1587887
2016/12/27:14:14:44 0691082405 5969 4429 4053 1587860
2016/12/27:17:14:44 0691082405 5969 4429 4052 1588126
2016/12/27:18:14:38 0691082405 5969 4429 4051 1588126
2016/12/27:20:14:38 0691082405 5969 4429 4050 1588516
2016/12/27:22:14:48 0691082405 5969 4429 4049 1588606
2016/12/27:23:14:40 0691082405 5969 4429 4049 1588971
2016/12/28:01:14:43 0691082405 5969 4429 4048 1588889
2016/12/28:02:14:41 0691082405 5969 4429 4047 1589159
2016/12/28:04:14:48 0691082405 5969 4429 4046 1588737
2016/12/28:05:14:37 0691082405 5969 4429 4045 1588340
2016/12/28:06:14:47 0691082405 5969 4429 4045 1587597
2016/12/28:08:14:48 0691082405 5969 4429 4044 1586868
2016/12/28:10:14:46 0691082405 5969 4429 4043 1586060
2016/12/28:12:14:46 0691082405 5969 4429 4042 1584827
2016/12/28:14:14:48 0691082405 5969 4429 4041 1584904
2016/12/28:17:14:43 0691082405 5969 4429 4039 1585345
2016/12/28:18:14:45 0691082405 5969 4429 4039 1585345
2016/12/28:22:14:34 0691082405 5969 4429 4037 1585715
2016/12/29:00:14:38 0691082405 5969 4429 4036 1586293
2016/12/29:01:14:35 0691082405 5969 4429 4035 1586293
2016/12/29:02:14:36 0691082405 5969 4429 4035 1586487
2016/12/29:04:14:45 0691082405 5969 4429 4034 1586145
2016/12/29:06:14:32 0691082405 5969 4429 4033 1585019
2016/12/29:08:14:41 0691082405 5969 4429 4033 1584237
2016/12/29:12:14:45 0691082405 5969 4429 4033 1582104
2016/12/29:15:14:52 0691082405 5969 4429 4033 1582053
2016/12/29:16:14:38 0691082405 5969 4429 4033 1582053
2016/12/29:17:14:41 0691082405 5969 4429 4033 1582548
2016/12/29:18:14:39 0691082405 5969 4429 4033 1582569
2016/12/29:19:14:32 0691082405 5969 4429 4033 1582569
2016/12/29:20:14:47 0691082405 5969 4429 4034 1583109
2016/12/29:22:14:40 0691082405 5969 4429 4032 1583260
2016/12/29:23:14:41 0691082405 5969 4429 4032 1583689
2016/12/30:00:14:33 0691082405 5969 4429 4032 1583724
2016/12/30:01:14:38 0691082405 5969 4429 4032 1583724
2016/12/30:02:14:39 0691082405 5969 4429 4032 1584004
2016/12/30:04:14:39 0691082405 5969 4429 4030 1583711
2016/12/30:05:14:31 0691082405 5969 4429 4030 1583366
2016/12/30:06:14:36 0691082405 5969 4429 4030 1582679
2016/12/30:08:14:42 0691082405 5969 4429 4030 1581979
2016/12/30:10:14:45 0691082405 5969 4429 4030 1581141
2016/12/30:11:14:35 0691082405 5969 4429 4030 1580547
2016/12/30:12:14:37 0691082405 5969 4429 4030 1579983
2016/12/30:13:14:29 0691082405 5969 4429 4030 1579983
2016/12/30:14:15:01 0691082405 5969 4429 4030 1580098
2016/12/30:17:14:42 0691082405 5969 4429 4030 1580500
2016/12/30:18:14:35 0691082405 5969 4429 4030 1580542
2016/12/30:19:14:50 0691082405 5969 4429 4030 1580542
2016/12/30:20:14:30 0691082405 5969 4429 4030 1581227
2016/12/30:21:14:36 0691082405 5969 4429 4030 1581401
2016/12/30:22:14:44 0691082405 5969 4429 4030 1581401
2016/12/30:23:14:34 0691082405 5969 4429 4030 1581760
2016/12/31:00:14:36 0691082405 5969 4429 4030 1581694
2016/12/31:01:14:34 0691082405 5969 4429 4030 1581694
2016/12/31:02:14:39 0691082405 5969 4429 4030 1581908
2016/12/31:03:14:32 0691082405 5969 4429 4030 1581565
2016/12/31:04:14:36 0691082405 5969 4429 4030 1581565
2016/12/31:05:14:34 0691082405 5969 4429 4030 1581117
2016/12/31:06:14:35 0691082405 5969 4429 4030 1580434
2016/12/31:07:14:41 0691082405 5969 4429 4030 1580434
2016/12/31:08:14:40 0691082405 5969 4429 4030 1579770
2016/12/31:10:14:38 0691082405 5969 4429 4030 1578997
2016/12/31:11:14:32 0691082405 5969 4429 4030 1578342
2016/12/31:12:14:37 0691082405 5969 4429 4030 1577679
2016/12/31:13:14:33 0691082405 5969 4429 4030 1577679
2016/12/31:14:14:33 0691082405 5969 4429 4030 1577680
2016/12/31:15:15:01 0691082405 5969 4429 4030 1577481
2016/12/31:17:14:41 0691082405 5969 4429 4030 1577764
2017/01/01:20:14:32 0691082405 5969 4429 4030 1573198
2017/01/01:22:14:35 0691082405 5969 4429 4030 1573275
2017/01/01:23:14:27 0691082405 5969 4429 4030 1573808
2017/01/02:00:14:41 0691082405 5969 4429 4030 1573892
2017/01/02:01:14:37 0691082405 5969 4429 4030 1573892
2017/01/02:02:14:38 0691082405 5969 4429 4030 1574246
2017/01/02:03:14:33 0691082405 5969 4429 4030 1573966
2017/01/02:04:14:41 0691082405 5969 4429 4030 1573966
2017/01/02:05:14:41 0691082405 5969 4392 4030 1573554
2017/01/02:06:14:34 0691082405 5969 4392 4030 1572893
2017/01/02:08:14:37 0691082405 5969 4392 4030 1572076
2017/01/02:09:14:38 0691082405 5969 4392 4030 1571163
2017/01/02:10:14:57 0691082405 5969 4392 4030 1571163
2017/01/02:11:14:45 0691082405 5969 4392 4030 1570453
2017/01/02:16:14:30 0691082405 5969 4392 4028 1569642
2017/01/02:17:14:28 0691082405 5969 4392 4028 1570028
2017/01/02:18:14:36 0691082405 5969 4392 4028 1570114
2017/01/02:19:14:40 0691082405 5969 4392 4028 1570114
2017/01/02:20:14:37 0691082405 5969 4392 4028 1570773
2017/01/29:12:13:18 0691082405 5922 4591 5168 1568914
2017/01/29:12:50:39 0691082405 5922 4591 5168 1568792
