Time: ISBN: Retail-Price: Lowest-New-Price: Lowest-Used-Price: Sales-Rank 
2016/02/11:12:13:10 0854041273 1654 1646 2342 239214
2016/02/11:12:57:54 0854041273 1654 1646 2342 241094
2016/02/11:14:11:07 0854041273 1654 1646 1851 241094
2016/02/11:15:31:55 0854041273 1654 1646 1851 243407
2016/02/11:17:16:24 0854041273 1654 1646 1851 247971
2016/02/11:19:04:46 0854041273 1654 1646 1851 248057
2016/02/11:22:10:03 0854041273 1654 1646 1851 258504
2016/02/12:07:36:52 0854041273 1654 1646 1847 285107
2016/02/13:12:49:04 0854041273 1654 1646 1838 336229
2016/02/13:13:32:26 0854041273 1654 1646 1838 336027
2016/02/13:13:40:42 0854041273 1654 1646 1838 336027
2016/02/13:15:26:09 0854041273 1654 1646 1838 337384
2016/02/18:17:23:45 0854041273 1654 1646 1838 334987
2016/02/18:18:09:55 0854041273 1654 1646 1838 335088
2016/02/18:19:17:44 0854041273 1654 1646 1838 335359
2016/02/18:20:46:25 0854041273 1654 1646 1838 335497
2016/02/18:21:48:29 0854041273 1654 1646 1838 342279
2016/02/18:22:46:07 0854041273 1654 1646 1838 342422
2016/02/19:07:54:23 0854041273 1654 1646 1838 358134
2016/02/19:09:40:20 0854041273 1654 1646 1838 363545
2016/02/19:11:31:54 0854041273 1654 1646 1838 363455
2016/02/19:13:09:03 0854041273 1654 1646 1838 364625
2016/02/19:15:06:01 0854041273 1654 1646 1838 364625
2016/02/19:16:55:47 0854041273 1654 1646 1838 366668
2016/02/19:17:28:16 0854041273 1654 1646 1838 366668
2016/02/19:17:44:43 0854041273 1654 1646 1838 370820
2016/02/19:19:34:10 0854041273 1654 1646 1838 370819
2016/02/19:20:31:17 0854041273 1654 1646 1838 371102
2016/02/19:22:16:48 0854041273 1654 1646 1838 377823
2016/02/20:02:05:25 0854041273 1654 1646 1838 382113
2016/02/20:06:13:00 0854041273 1654 1646 1838 391198
2016/02/20:09:21:38 0854041273 1654 1646 1838 394516
2016/02/20:10:39:02 0854041273 1654 1646 1838 394846
2016/02/20:11:18:20 0854041273 1654 1646 1838 394339
2016/02/20:12:11:26 0854041273 1654 1646 1838 394339
2016/02/20:13:09:28 0854041273 1654 1646 1838 394449
2016/02/20:14:30:58 0854041273 1654 1646 1838 393463
2016/02/20:15:41:58 0854041273 1654 1646 1838 393478
2016/02/20:16:56:18 0854041273 1654 1646 1838 393506
2016/02/20:18:51:15 0854041273 1654 1646 1838 393680
2016/02/20:19:42:50 0854041273 1654 1646 1838 393680
2016/02/20:21:23:49 0854041273 1654 1646 1837 393680
2016/02/20:21:47:24 0854041273 1654 1646 1837 398092
2016/02/21:02:28:23 0854041273 1654 1646 1836 404791
2016/02/21:09:48:58 0854041273 1654 1646 1835 414255
2016/02/21:10:56:11 0854041273 1654 1646 1833 414255
2016/02/21:11:47:11 0854041273 1654 1646 1833 414255
2016/02/21:14:17:11 0854041273 1654 1646 1832 413732
2016/02/21:15:02:42 0854041273 1654 1646 1831 413732
2016/02/21:17:24:19 0854041273 1654 1646 1831 414807
2016/02/21:17:48:21 0854041273 1654 1646 1831 414807
2016/02/21:18:18:48 0854041273 1654 1646 1831 414807
2016/02/21:20:18:29 0854041273 1654 1646 1829 413555
2016/02/21:22:30:21 0854041273 1654 1646 1829 417303
2016/02/21:23:41:04 0854041273 1654 1646 1828 415588
2016/02/22:07:52:44 0854041273 1654 1646 1823 428465
2016/02/22:09:56:15 0854041273 1654 1646 1821 427579
2016/02/22:11:07:21 0854041273 1654 1646 1819 429545
2016/02/22:12:05:06 0854041273 1654 1646 1818 429545
2016/02/22:15:25:35 0854041273 1654 1646 1815 430264
2016/02/22:16:48:18 0854041273 1654 1646 1815 430312
2016/02/23:09:36:25 0854041273 1654 1646 1813 447583
2016/02/23:11:02:45 0854041273 1654 1646 1811 450277
2016/02/23:12:05:40 0854041273 1654 1646 1811 448457
2016/02/23:13:56:09 0854041273 1654 1646 1811 447293
2016/02/23:15:11:42 0854041273 1654 1646 1811 446558
2016/02/23:16:10:28 0854041273 1654 1646 1810 446556
2016/02/23:17:31:06 0854041273 1654 1646 1809 447825
2016/02/24:09:20:10 0854041273 1654 1646 1807 54176
2016/02/24:11:22:57 0854041273 1654 1646 1805 65895
2016/02/24:13:13:07 0854041273 1654 1646 1805 69119
2016/02/24:14:17:27 0854041273 1654 1646 1805 69295
2016/02/24:16:52:48 0854041273 1654 1646 1805 69295
2016/02/24:19:45:43 0854041273 1654 1646 1805 95582
2016/02/24:21:14:10 0854041273 1654 1646 1805 111326
2016/02/24:22:47:10 0854041273 1654 1646 1805 111325
2016/02/24:23:10:01 0854041273 1654 1646 1805 111325
2016/02/25:08:10:37 0854041273 1654 1646 1803 154099
2016/02/25:09:04:06 0854041273 1654 1646 1803 154099
2016/02/25:10:14:10 0854041273 1654 1646 1802 157647
2016/02/25:11:39:19 0854041273 1654 1646 1801 161484
2016/02/25:15:24:10 0854041273 1654 1646 1801 168534
2016/02/25:16:56:34 0854041273 1654 1646 1801 176192
2016/02/25:19:06:24 0854041273 1654 1646 1801 176230
2016/02/25:21:38:56 0854041273 1654 1646 1800 189509
2016/02/25:22:36:03 0854041273 1654 1646 1800 189509
2016/02/26:07:35:26 0854041273 1654 1646 1799 226829
2016/02/26:08:52:18 0854041273 1654 1646 1799 227448
2016/02/26:09:54:47 0854041273 1654 1646 1799 228818
2016/02/26:10:56:01 0854041273 1654 1646 1799 229118
2016/02/26:13:24:31 0854041273 1654 1646 1798 234331
2016/02/26:15:33:02 0854041273 1654 1646 1798 239484
2016/02/26:19:57:12 0854041273 1654 1646 1798 248025
2016/02/26:23:55:13 0854041273 1654 1646 1798 259648
2016/02/27:08:12:58 0854041273 1654 1646 1798 284931
2016/02/27:09:44:04 0854041273 1654 1646 1798 289095
2016/02/27:10:44:31 0854041273 1654 1646 1798 289468
2016/02/27:14:29:02 0854041273 1654 1646 1798 292268
2016/02/27:16:36:00 0854041273 1654 1646 1798 293872
2016/02/27:17:11:19 0854041273 1654 1646 1798 293899
2016/02/27:17:53:04 0854041273 1654 1646 1798 297964
2016/02/27:19:47:10 0854041273 1654 1646 1798 297998
2016/02/27:23:59:51 0854041273 1654 1646 1798 312442
2016/02/28:00:31:34 0854041273 1654 1646 1798 312933
2016/02/28:03:46:00 0854041273 1654 1646 1798 323066
2016/02/28:10:30:34 0854041273 1654 1646 1798 336140
2016/02/28:11:18:26 0854041273 1654 1646 1798 336550
2016/02/28:13:21:27 0854041273 1654 1646 1798 337065
2016/02/28:17:25:51 0854041273 1654 1646 1798 341252
2016/02/28:19:37:39 0854041273 1654 1646 1798 345570
2016/02/28:20:52:33 0854041273 1654 1646 1798 345765
2016/02/28:22:24:04 0854041273 1654 1646 1798 351930
2016/02/28:23:03:55 0854041273 1654 1646 1798 352134
2016/02/29:09:29:57 0854041273 1654 1646 1795 373614
2016/02/29:10:37:59 0854041273 1654 1646 1793 373583
2016/02/29:11:59:46 0854041273 1654 1646 1792 373644
2016/02/29:12:28:50 0854041273 1654 1646 1792 375673
2016/02/29:12:48:07 0854041273 1654 1646 1791 375673
2016/02/29:13:51:50 0854041273 1654 1646 1791 375762
2016/02/29:15:28:10 0854041273 1654 1646 1789 377935
2016/02/29:15:49:34 0854041273 1654 1646 1789 377935
2016/02/29:16:24:11 0854041273 1654 1646 1788 377935
2016/03/01:02:18:01 0854041273 1654 1646 1782 401343
2016/03/01:09:34:21 0854041273 1654 1646 1780 415282
2016/03/01:11:58:46 0854041273 1654 1646 1778 418318
2016/03/01:14:56:01 0854041273 1654 1646 1775 418400
2016/03/01:15:21:31 0854041273 1654 1646 1775 418633
2016/03/01:18:44:58 0854041273 1654 1646 1772 423156
2016/03/01:20:05:34 0854041273 1654 1646 1771 423219
2016/03/01:21:04:27 0854041273 1654 1646 1771 429378
2016/03/01:21:56:32 0854041273 1654 1646 1771 428595
2016/03/01:23:12:07 0854041273 1654 1646 1770 428818
2016/03/01:23:27:37 0854041273 1654 1646 1770 428818
2016/03/02:07:28:20 0854041273 1654 1646 1770 443692
2016/03/02:09:42:51 0854041273 1654 1646 1770 442949
2016/03/02:12:03:13 0854041273 1654 1646 1770 446880
2016/03/02:12:51:26 0854041273 1654 1646 1770 446913
2016/03/02:15:55:33 0854041273 1654 1646 1770 447135
2016/03/02:16:50:52 0854041273 1654 1646 1770 33087
2016/03/02:18:46:35 0854041273 1654 1646 1770 47798
2016/03/02:21:25:40 0854041273 1654 1646 1770 68646
2016/03/02:23:09:05 0854041273 1654 1646 1770 71651
2016/03/03:09:28:06 0854041273 1654 1646 1770 125348
2016/03/03:10:23:44 0854041273 1654 1646 1770 125348
2016/03/03:10:38:53 0854041273 1654 1646 1770 137257
2016/03/03:11:40:17 0854041273 1654 1646 1770 137257
2016/03/03:12:16:18 0854041273 1654 1646 1770 137257
2016/03/03:12:40:12 0854041273 1654 1646 1770 137257
2016/03/03:13:02:45 0854041273 1654 1646 1770 139917
2016/03/03:15:14:41 0854041273 1654 1646 1770 142534
2016/03/03:17:13:36 0854041273 1654 1646 1770 147652
2016/03/03:17:47:30 0854041273 1654 1646 1769 147652
2016/03/03:18:06:48 0854041273 1654 1646 1769 147652
2016/03/03:18:33:28 0854041273 1654 1646 1769 156719
2016/03/03:19:56:33 0854041273 1654 1646 1769 156831
2016/03/03:20:42:50 0854041273 1654 1646 1769 156831
2016/03/04:07:34:39 0854041273 1654 1646 1767 203994
2016/03/04:09:13:05 0854041273 1654 1646 1766 212099
2016/03/04:09:48:01 0854041273 1654 1646 1766 212099
2016/03/04:11:08:58 0854041273 1654 1646 1765 213482
2016/03/04:11:36:21 0854041273 1654 1646 1765 213482
2016/03/04:11:54:58 0854041273 1654 1646 1765 213482
2016/03/04:13:06:04 0854041273 1654 1646 1764 214226
2016/03/04:16:26:15 0854041273 1654 1646 1763 216827
2016/03/04:17:04:01 0854041273 1654 1646 1763 221922
2016/03/04:19:28:10 0854041273 1654 1646 1763 229108
2016/03/04:20:07:33 0854041273 1654 1646 1763 229108
2016/03/04:21:14:55 0854041273 1654 1646 1764 229108
2016/03/04:22:37:03 0854041273 1654 1646 1764 239065
2016/03/04:23:32:05 0854041273 1654 1646 1764 240111
2016/03/05:08:42:09 0854041273 1654 1646 1764 261141
2016/03/05:09:58:26 0854041273 1654 1646 1764 266232
2016/03/05:10:56:36 0854041273 1654 1646 1764 267531
2016/03/05:11:51:52 0854041273 1654 1646 1764 267531
2016/03/05:12:16:14 0854041273 1654 1646 1764 267531
2016/03/05:12:36:33 0854041273 1654 1646 1764 267531
2016/03/05:12:52:23 0854041273 1654 1646 1764 267531
2016/03/05:17:38:12 0854041273 1654 1646 1764 273426
2016/03/05:19:27:41 0854041273 1654 1646 1764 273470
2016/03/05:20:16:41 0854041273 1654 1646 1764 278709
2016/03/05:21:47:16 0854041273 1654 1646 1764 285897
2016/03/05:23:08:05 0854041273 1654 1646 1764 285897
2016/03/06:03:48:25 0854041273 1654 1646 1764 297661
2016/03/06:08:35:06 0854041273 1654 1646 1764 306581
2016/03/06:09:38:56 0854041273 1654 1646 1764 309748
2016/03/06:10:31:22 0854041273 1654 1646 1764 310126
2016/03/06:11:26:31 0854041273 1654 1646 1764 310126
2016/03/06:14:27:27 0854041273 1654 1646 1764 311886
2016/03/06:14:42:28 0854041273 1654 1646 1764 311886
2016/03/06:15:50:03 0854041273 1654 1646 1764 312063
2016/03/06:16:33:14 0854041273 1654 1646 1764 313354
2016/03/06:17:47:38 0854041273 1654 1646 1764 317125
2016/03/06:20:44:55 0854041273 1654 1646 1764 317606
2016/03/06:22:30:04 0854041273 1654 1646 1764 324298
2016/03/06:22:53:55 0854041273 1654 1646 1764 324298
2016/03/06:23:05:37 0854041273 1654 1646 1764 324298
2016/03/07:07:34:51 0854041273 1654 1646 1764 76984
2016/03/07:09:25:31 0854041273 1654 1646 1764 76984
2016/03/07:10:49:42 0854041273 1654 1646 1764 78630
2016/03/07:11:28:07 0854041273 1654 1646 1764 79195
2016/03/07:12:32:20 0854041273 1654 1646 1764 86898
2016/03/07:13:58:12 0854041273 1654 1646 1764 91442
2016/03/07:15:27:26 0854041273 1654 1646 1764 99196
2016/03/07:16:17:01 0854041273 1654 1646 1764 99196
2016/03/07:16:54:29 0854041273 1654 1646 1764 99471
2016/03/07:19:07:00 0854041273 1654 1646 1764 101129
2016/03/07:22:38:50 0854041273 1654 1646 1764 126378
2016/03/07:23:45:56 0854041273 1654 1646 1764 126646
2016/03/08:07:40:11 0854041273 1654 1646 1764 163115
2016/03/08:09:02:50 0854041273 1654 1646 1764 164493
2016/03/08:11:53:13 0854041273 1654 1646 1713 170678
2016/03/08:13:10:22 0854041273 1654 1646 1712 170677
2016/03/08:14:37:52 0854041273 1654 1646 1711 173011
2016/03/08:17:13:07 0854041273 1654 1646 1710 178717
2016/03/08:19:40:16 0854041273 1654 1646 1710 181786
2016/03/09:07:44:35 0854041273 1654 1631 1706 227347
2016/03/09:09:54:57 0854041273 1654 1631 1704 228459
2016/03/09:10:50:27 0854041273 1654 1631 1704 232904
2016/03/09:15:00:21 0854041273 1654 1631 1701 238106
2016/03/09:15:51:22 0854041273 1654 1631 1701 238135
2016/03/09:18:39:31 0854041273 1654 1631 1700 245259
2016/03/09:19:57:05 0854041273 1654 1631 1700 245349
2016/03/09:20:24:51 0854041273 1654 1631 1700 255401
2016/03/09:21:14:00 0854041273 1654 1631 1700 255401
2016/03/09:22:30:33 0854041273 1654 1631 1700 255471
2016/03/09:22:42:27 0854041273 1654 1631 1700 256553
2016/03/09:23:22:32 0854041273 1654 1631 1700 256553
2016/03/09:23:43:44 0854041273 1654 1631 1700 256553
2016/03/10:05:01:26 0854041273 1654 1631 1698 282492
2016/03/10:07:48:27 0854041273 1654 1631 1698 283786
2016/03/10:09:35:17 0854041273 1654 1631 1697 289980
2016/03/10:10:46:26 0854041273 1654 1631 1697 289978
2016/03/10:11:04:52 0854041273 1654 1631 1697 291996
2016/03/10:11:55:35 0854041273 1654 1631 1696 291996
2016/03/10:12:23:23 0854041273 1654 1631 1696 291995
2016/03/10:13:48:40 0854041273 1654 1631 1696 293140
2016/03/10:14:01:50 0854041273 1654 1631 1695 293140
2016/03/10:15:27:46 0854041273 1654 1631 1695 295238
2016/03/10:16:36:58 0854041273 1654 1631 1694 299595
2016/03/10:19:14:21 0854041273 1654 1631 1694 305509
2016/03/10:20:17:48 0854041273 1654 1631 1694 305780
2016/03/10:22:52:50 0854041273 1654 1631 1693 313885
2016/03/11:07:45:39 0854041273 1654 1631 1690 332696
2016/03/11:09:46:47 0854041273 1654 1631 1690 338181
2016/03/11:13:38:45 0854041273 1654 1631 1688 339256
2016/03/11:15:49:39 0854041273 1654 1631 1688 341441
2016/03/11:16:45:14 0854041273 1654 1631 1688 341486
2016/03/11:17:26:23 0854041273 1654 1631 1688 345266
2016/03/11:19:32:56 0854041273 1654 1631 1687 345109
2016/03/11:22:45:08 0854041273 1654 1631 1687 351574
2016/03/12:12:09:05 0854041273 1654 1631 1682 369224
2016/03/12:13:44:38 0854041273 1654 1631 1682 369833
2016/03/12:18:51:39 0854041273 1654 1631 1681 374608
2016/03/13:09:26:09 0854041273 1654 1631 1681 395499
2016/03/13:11:10:54 0854041273 1654 1631 1681 396188
2016/03/13:16:18:38 0854041273 1654 1631 1681 395196
2016/03/13:18:12:29 0854041273 1654 1631 1681 397330
2016/03/13:19:42:54 0854041273 1654 1631 1681 397373
2016/03/13:22:41:18 0854041273 1654 1631 1681 402358
2016/03/14:07:45:20 0854041273 1654 1631 1681 406332
2016/03/14:08:56:27 0854041273 1654 1631 1680 412982
2016/03/14:09:34:33 0854041273 1654 1631 1680 412982
2016/03/14:10:11:04 0854041273 1654 1631 1680 412982
2016/03/15:14:39:58 0854041273 1654 1631 1675 431894
2016/03/15:17:23:02 0854041273 1654 1631 1674 435375
2016/03/15:18:41:00 0854041273 1654 1631 1674 435489
2016/03/15:20:05:08 0854041273 1654 1631 1674 434744
2016/03/15:20:39:44 0854041273 1654 1631 1674 434744
2016/03/15:22:34:54 0854041273 1654 1631 1674 440236
2016/03/16:00:25:57 0854041273 1654 1631 1673 445102
2016/03/16:08:03:40 0854041273 1654 1631 1670 452904
2016/03/16:21:30:09 0854041273 1654 1631 1666 454247
2016/03/16:23:20:59 0854041273 1654 1631 1666 454451
2016/03/17:07:23:06 0854041273 1654 1631 1663 464546
2016/03/17:08:49:46 0854041273 1654 1631 1662 464546
2016/03/17:13:39:07 0854041273 1654 1631 1659 466087
2016/03/17:14:29:27 0854041273 1654 1631 1659 464656
2016/03/17:15:55:05 0854041273 1654 1631 1658 464889
2016/03/17:17:13:40 0854041273 1654 1631 1657 464917
2016/03/17:18:15:41 0854041273 1654 1631 1656 466320
2016/03/17:22:19:26 0854041273 1654 1631 1655 468443
2016/03/18:07:34:25 0854041273 1654 1631 1655 478999
2016/03/18:08:46:34 0854041273 1654 1631 1655 478394
2016/03/18:13:38:04 0854041273 1654 1631 1373 478676
2016/03/19:00:30:44 0854041273 1654 1631 1373 486667
2016/03/19:10:34:44 0854041273 1654 1631 1373 491754
2016/03/19:12:09:13 0854041273 1654 1631 1373 491106
2016/03/19:13:01:33 0854041273 1654 1631 1373 491357
2016/03/19:20:54:53 0854041273 1654 1631 1373 496462
2016/03/19:23:32:41 0854041273 1654 1631 1373 495480
2016/03/20:08:04:37 0854041273 1654 1631 1373 502608
2016/03/20:09:45:29 0854041273 1654 1631 1373 502608
2016/03/20:12:06:27 0854041273 1654 1631 1373 502421
2016/03/20:13:35:43 0854041273 1654 1631 1373 500247
2016/03/20:14:33:12 0854041273 1654 1631 1373 500247
2016/03/20:17:56:24 0854041273 1654 1631 1373 500833
2016/03/20:19:55:33 0854041273 1654 1631 1373 500849
2016/03/20:21:43:50 0854041273 1654 1631 1373 503012
2016/03/21:08:05:35 0854041273 1654 1631 1373 513881
2016/03/21:09:15:32 0854041273 1654 1631 1373 513881
2016/03/21:10:06:21 0854041273 1654 1631 1373 512130
2016/03/21:17:51:34 0854041273 1654 1631 1373 512453
2016/03/21:19:11:34 0854041273 1654 1631 1373 512492
2016/03/21:22:58:22 0854041273 1654 1631 1373 515889
2016/03/22:10:04:39 0854041273 1654 1631 1373 526726
2016/03/22:10:55:23 0854041273 1654 1631 1373 526726
2016/03/23:07:49:34 0854041273 1654 1631 1373 536185
2016/03/23:09:16:42 0854041273 1654 1631 1373 536702
2016/03/23:13:00:55 0854041273 1654 1631 1373 537494
2016/03/23:13:59:27 0854041273 1654 1631 1373 536477
2016/03/23:17:41:08 0854041273 1654 1631 1373 536065
2016/03/23:18:51:58 0854041273 1654 1631 1373 537057
2016/03/23:20:00:39 0854041273 1654 1631 1373 537168
2016/03/23:21:13:23 0854041273 1654 1631 1373 537168
2016/03/23:22:02:01 0854041273 1654 1631 1373 539836
2016/03/23:22:58:47 0854041273 1654 1631 1373 539836
2016/03/24:07:46:08 0854041273 1654 1631 1373 547408
2016/03/24:09:54:29 0854041273 1654 1631 1373 547251
2016/03/24:10:59:02 0854041273 1654 1631 1373 547280
2016/03/24:12:09:37 0854041273 1654 1631 1373 547557
2016/03/24:13:53:59 0854041273 1654 1631 1373 547083
2016/03/24:15:04:02 0854041273 1654 1631 1373 547794
2016/03/24:16:48:54 0854041273 1654 1631 1373 547896
2016/03/24:18:35:14 0854041273 1654 1631 1373 549314
2016/03/24:20:45:18 0854041273 1654 1631 1373 550244
2016/03/24:22:48:37 0854041273 1654 1631 1373 549827
2016/03/25:07:39:46 0854041273 1654 1631 1373 557054
2016/03/25:09:15:02 0854041273 1654 1631 1373 559010
2016/03/25:21:42:17 0854041273 1654 1631 1373 561901
2016/03/26:09:58:05 0854041273 1654 1631 1373 565139
2016/03/26:13:15:44 0854041273 1654 1631 1373 564075
2016/03/26:17:52:31 0854041273 1654 1631 1373 564240
2016/03/26:20:23:02 0854041273 1654 1631 1373 565825
2016/03/27:13:45:25 0854041273 1654 1631 1373 571496
2016/03/28:18:26:16 0854041273 1654 1631 1373 577892
2016/03/28:20:16:19 0854041273 1654 1631 1373 579114
2016/03/28:21:20:10 0854041273 1654 1631 1373 579114
2016/03/29:06:31:08 0854041273 1654 1631 1373 587015
2016/03/29:07:38:47 0854041273 1654 1631 1373 587015
2016/03/29:10:47:05 0854041273 1654 1631 1373 587884
2016/03/29:15:03:58 0854041273 1654 1631 1373 587128
2016/03/29:16:18:53 0854041273 1654 1631 1373 586110
2016/03/29:19:14:41 0854041273 1654 1631 1373 587050
2016/03/29:21:36:53 0854041273 1654 1631 1373 588505
2016/03/30:09:06:15 0854041273 1654 1631 1373 599133
2016/03/30:13:20:02 0854041273 1654 1631 1373 598477
2016/03/30:15:44:59 0854041273 1654 1631 1373 597927
2016/03/30:16:28:31 0854041273 1654 1631 1373 597927
2016/03/30:18:46:03 0854041273 1654 1631 1373 599812
2016/03/30:20:54:41 0854041273 1654 1631 1373 602428
2016/03/31:06:52:48 0854041273 1654 1631 1373 606031
2016/03/31:08:38:09 0854041273 1654 1631 1373 609094
2016/03/31:09:26:15 0854041273 1654 1631 1373 609094
2016/03/31:12:26:20 0854041273 1654 1631 1373 608451
2016/03/31:13:32:38 0854041273 1654 1631 1373 608575
2016/03/31:14:22:42 0854041273 1654 1631 1372 608575
2016/03/31:16:17:12 0854041273 1654 1631 1372 609967
2016/03/31:21:03:43 0854041273 1654 1631 1372 613709
2016/04/01:07:13:30 0854041273 1654 1631 1371 619706
2016/04/01:08:24:17 0854041273 1654 1631 1371 619204
2016/04/01:09:13:49 0854041273 1654 1631 1371 619204
2016/04/01:16:17:01 0854041273 1654 1631 1370 619064
2016/04/01:17:23:48 0854041273 1654 1631 1370 619061
2016/04/01:18:22:45 0854041273 1654 1631 1370 619061
2016/04/01:19:20:51 0854041273 1654 1631 1370 621046
2016/04/01:21:12:49 0854041273 1654 1631 1370 622923
2016/04/01:22:23:27 0854041273 1654 1631 1370 622923
2016/04/02:07:59:42 0854041273 1654 1631 1369 627947
2016/04/02:09:11:36 0854041273 1654 1631 1369 628131
2016/04/02:19:51:26 0854041273 1654 1631 1368 628028
2016/04/02:22:19:46 0854041273 1654 1631 1368 629324
2016/04/03:08:48:16 0854041273 1654 1631 1367 633340
2016/04/03:09:42:29 0854041273 1654 1631 1366 633554
2016/04/04:19:37:39 0854041273 1654 1631 1364 643990
2016/04/05:06:48:55 0854041273 1654 1631 1363 653386
2016/04/05:14:58:53 0854041273 1654 1631 1362 652748
2016/04/05:15:51:28 0854041273 1654 1631 1362 653355
2016/04/05:21:29:51 0854041273 1654 1631 1362 33804
2016/04/06:06:46:45 0854041273 1654 1631 1360 93711
2016/04/06:10:33:17 0854041273 1654 1631 1360 105127
2016/04/06:14:19:40 0854041273 1654 1631 1360 111903
2016/04/06:22:43:10 0854041273 1654 1631 1360 152719
2016/04/07:07:06:06 0854041273 1654 1631 1359 184230
2016/04/07:17:12:38 0854041273 1654 1631 1358 200510
2016/04/07:18:29:09 0854041273 1654 1631 1358 208377
2016/04/08:10:13:40 0854041273 1654 1631 1356 250940
2016/04/09:07:44:30 0854041273 1654 1631 1353 303218
2016/04/10:06:50:34 0854041273 1654 1631 1349 348595
2016/04/10:08:22:44 0854041273 1654 1631 1349 350801
2016/04/10:09:59:25 0854041273 1654 1631 1348 350802
2016/04/10:10:33:52 0854041273 1654 1631 1348 352368
2016/04/10:11:11:16 0854041273 1654 1631 1348 352368
2016/04/10:16:00:37 0854041273 1654 1631 1346 358367
2016/04/10:21:29:29 0854041273 1654 1631 1346 368670
2016/04/11:00:47:18 0854041273 1654 1631 1346 380079
2016/04/11:06:34:51 0854041273 1654 1631 1345 395395
2016/04/11:08:35:38 0854041273 1654 1631 1345 400705
2016/04/11:12:48:13 0854041273 1654 1631 1342 406176
2016/04/12:06:57:02 0854041273 1654 1631 1341 89863
2016/04/12:07:58:50 0854041273 1654 1631 1341 90205
2016/04/12:09:18:34 0854041273 1654 1631 1341 92753
2016/04/12:12:56:11 0854041273 1654 1631 1340 96196
2016/04/12:21:26:02 0854041273 1654 1631 1341 137097
2016/04/13:08:04:38 0854041273 1654 1631 1373 174958
2016/04/13:11:18:53 0854041273 1654 1631 1373 176831
2016/04/13:14:58:27 0854041273 1654 1631 1373 184816
2016/04/13:15:50:25 0854041273 1654 1631 1373 184840
2016/04/14:06:37:14 0854041273 1654 1631 1373 234549
2016/04/14:08:26:41 0854041273 1654 1631 1373 236000
2016/04/14:09:19:05 0854041273 1654 1631 1373 236000
2016/04/15:11:48:35 0854041273 1654 1631 1373 97263
2016/04/17:18:59:33 0854041273 1654 1631 1373 230742
2016/04/17:21:42:54 0854041273 1654 1631 1373 236579
2016/04/18:07:54:13 0854041273 1654 1631 1373 263904
2016/04/18:09:17:08 0854041273 1654 1631 1373 265837
2016/12/22:10:15:10 0854041273 2255 1766 2207 354277
2016/12/22:12:10:32 0854041273 2255 1766 2207 357465
2016/12/24:17:48:39 0854041273 2249 1766 2202 431079
2016/12/24:20:17:19 0854041273 2249 1766 2202 433481
2016/12/24:23:08:30 0854041273 2249 1766 2202 435371
2016/12/25:11:20:59 0854041273 2249 1766 2200 437910
2016/12/25:20:49:57 0854041273 2249 1766 2200 444940
2016/12/26:15:00:45 0854041273 2249 1766 2198 450291
2016/12/26:16:43:34 0854041273 2249 1766 2198 452427
2016/12/26:18:43:16 0854041273 2249 1766 2198 453016
2016/12/27:00:13:28 0854041273 2249 1721 2198 459311
2016/12/27:01:13:18 0854041273 2249 1721 2198 459311
2016/12/27:02:13:13 0854041273 2249 1721 2198 461575
2016/12/27:03:13:19 0854041273 2249 1721 2198 462379
2016/12/27:04:13:23 0854041273 2249 1721 2197 462379
2016/12/27:05:13:20 0854041273 2249 1721 2197 463196
2016/12/27:08:13:26 0854041273 2249 1721 2197 462967
2016/12/27:09:13:22 0854041273 2249 1721 2197 462498
2016/12/27:10:13:28 0854041273 2249 1721 2197 462498
2016/12/27:11:13:19 0854041273 2249 1721 2196 462244
2016/12/27:12:13:27 0854041273 2249 1721 2196 461987
2016/12/27:13:13:18 0854041273 2249 1721 2196 461987
2016/12/27:14:13:24 0854041273 2249 1721 2196 463610
2016/12/27:17:13:22 0854041273 2249 1721 2196 466378
2016/12/27:18:13:17 0854041273 2249 1721 2196 466378
2016/12/27:20:13:17 0854041273 2249 1721 2196 469086
2016/12/27:22:13:26 0854041273 2249 1721 2196 470023
2016/12/27:23:13:19 0854041273 2249 1721 2196 472268
2016/12/28:01:13:21 0854041273 2249 1721 2196 473274
2016/12/28:02:13:21 0854041273 2249 1721 2195 475366
2016/12/28:04:13:26 0854041273 2249 1721 2194 475579
2016/12/28:05:13:16 0854041273 2249 1721 2194 475754
2016/12/28:06:13:26 0854041273 2249 1721 2193 475188
2016/12/28:08:13:26 0854041273 2249 1721 2192 474797
2016/12/28:10:13:25 0854041273 2249 1721 2192 474300
2016/12/28:12:13:24 0854041273 2249 1721 2192 474515
2016/12/28:14:13:23 0854041273 2249 1721 2192 476735
2016/12/28:17:13:19 0854041273 2249 1721 2192 480687
2016/12/28:18:13:23 0854041273 2249 1721 2192 480687
2016/12/28:22:13:14 0854041273 2249 1721 2192 484905
2016/12/29:00:13:17 0854041273 2249 1721 2192 488245
2016/12/29:01:13:15 0854041273 2249 1721 2192 488245
2016/12/29:02:13:15 0854041273 2249 1721 2191 490380
2016/12/29:04:13:23 0854041273 2249 1721 2191 490563
2016/12/29:05:13:10 0854041273 2249 1721 2191 490574
2016/12/29:06:13:12 0854041273 2249 1721 2191 489996
2016/12/29:08:13:20 0854041273 2249 1721 2191 489287
2016/12/29:12:13:24 0854041273 2249 1721 2190 487965
2016/12/29:15:13:33 0854041273 2249 1721 2190 490884
2016/12/29:16:13:20 0854041273 2249 1721 2190 490884
2016/12/29:17:13:23 0854041273 2249 1721 2190 493657
2016/12/29:18:13:22 0854041273 2249 1721 2190 494845
2016/12/29:19:13:15 0854041273 2249 1721 2190 494845
2016/12/29:20:13:29 0854041273 2249 1721 2190 497501
2016/12/29:22:13:22 0854041273 2249 1721 2190 498810
2016/12/29:23:13:23 0854041273 2249 1721 2190 501258
2016/12/30:00:13:15 0854041273 2249 1721 2190 502338
2016/12/30:01:13:21 0854041273 2249 1721 2189 502338
2016/12/30:02:13:21 0854041273 2249 1721 2189 504470
2016/12/30:04:13:21 0854041273 2249 1721 2189 504916
2016/12/30:05:13:14 0854041273 2249 1721 2188 505251
2016/12/30:06:13:19 0854041273 2249 1721 2188 504639
2016/12/30:08:13:23 0854041273 2249 1721 2188 504050
2016/12/30:10:13:27 0854041273 2249 1721 2187 503261
2016/12/30:11:13:17 0854041273 2249 1721 2187 503047
2016/12/30:12:13:20 0854041273 2249 1721 2187 502967
2016/12/30:13:13:12 0854041273 2249 1721 2187 502967
2016/12/30:14:13:43 0854041273 2249 1721 2187 504770
2016/12/30:17:13:24 0854041273 2249 1721 2187 508485
2016/12/30:18:13:17 0854041273 2249 1721 2187 509594
2016/12/30:19:13:33 0854041273 2249 1721 2187 509594
2016/12/30:20:13:13 0854041273 2249 1721 2187 512466
2016/12/30:21:13:18 0854041273 2249 1721 2187 513835
2016/12/30:22:13:25 0854041273 2249 1721 2187 513835
2016/12/30:23:13:15 0854041273 2249 1721 2187 516201
2016/12/31:00:13:17 0854041273 2249 1721 2187 517297
2016/12/31:01:13:17 0854041273 2249 1721 2187 517297
2016/12/31:02:13:19 0854041273 2249 1721 2187 519560
2016/12/31:03:13:14 0854041273 2249 1721 2187 520201
2016/12/31:04:13:18 0854041273 2249 1721 2187 520201
2016/12/31:05:13:16 0854041273 2249 1721 2186 520794
2016/12/31:06:13:18 0854041273 2249 1721 2185 520463
2016/12/31:07:13:23 0854041273 2249 1721 2184 520463
2016/12/31:08:13:22 0854041273 2249 1721 2184 520098
2016/12/31:10:13:21 0854041273 2249 1721 2184 519566
2016/12/31:11:13:14 0854041273 2249 1721 2184 519339
2016/12/31:12:13:19 0854041273 2249 1721 2184 519280
2016/12/31:13:13:16 0854041273 2249 1721 2184 519280
2016/12/31:14:13:16 0854041273 2249 1721 2183 520773
2016/12/31:15:13:42 0854041273 2249 1721 2183 521598
2016/12/31:17:13:23 0854041273 2249 1721 2183 523809
2017/01/01:20:13:14 0854041273 2249 1721 2179 538956
2017/01/01:22:13:17 0854041273 2249 1721 2179 540167
2017/01/01:23:13:10 0854041273 2249 1721 2179 542675
2017/01/02:00:13:23 0854041273 2249 1721 2179 543778
2017/01/02:01:13:19 0854041273 2249 1721 2178 543778
2017/01/02:02:13:19 0854041273 2249 1721 2178 545990
2017/01/02:03:13:15 0854041273 2249 1721 2178 546571
2017/01/02:04:13:23 0854041273 2249 1721 2177 546571
2017/01/02:05:13:22 0854041273 2249 1721 2177 547238
2017/01/02:06:13:17 0854041273 2249 1721 2177 547167
2017/01/02:08:13:19 0854041273 2249 1721 2177 547066
2017/01/02:09:13:20 0854041273 2249 1721 2177 546780
2017/01/02:10:13:30 0854041273 2249 1721 2177 546780
2017/01/02:11:13:26 0854041273 2249 1721 2177 546948
2017/01/02:16:13:12 0854041273 2249 1721 2177 550630
2017/01/02:17:13:11 0854041273 2249 1721 2177 553316
2017/01/02:18:13:18 0854041273 2249 1721 2177 554486
2017/01/02:19:13:22 0854041273 2249 1721 2177 554486
2017/01/02:20:13:19 0854041273 2249 1721 2177 557418
2017/01/29:12:12:31 0854041273 2249 1749 1869 711806
2017/01/29:12:49:53 0854041273 2249 1749 1869 711510
