Time: ISBN: Retail-Price: Lowest-New-Price: Lowest-Used-Price: Sales-Rank
2016/03/05:12:21:24 0984782850 2536 2000 2303 5268
2016/03/05:12:41:37 0984782850 2536 2000 2303 5268
2016/03/05:12:57:26 0984782850 2536 2000 2303 5268
2016/03/05:17:43:17 0984782850 2536 2000 2303 4714
2016/03/05:19:32:43 0984782850 2536 2000 2303 4714
2016/03/05:20:21:44 0984782850 2536 2000 2303 5583
2016/03/05:21:52:19 0984782850 2536 2000 2303 5354
2016/03/05:23:13:08 0984782850 2536 2000 2303 5309
2016/03/06:03:53:28 0984782850 2536 2000 2303 7011
2016/03/06:08:40:09 0984782850 2536 2000 2303 8476
2016/03/06:09:43:58 0984782850 2536 2000 2303 8821
2016/03/06:10:36:26 0984782850 2536 2000 2303 8821
2016/03/06:11:31:41 0984782850 2536 2000 2303 8821
2016/03/06:14:32:30 0984782850 2536 2000 2303 8707
2016/03/06:14:47:31 0984782850 2536 2000 2303 8708
2016/03/06:15:55:08 0984782850 2536 2000 2303 8708
2016/03/06:16:38:16 0984782850 2536 2000 2303 8960
2016/03/06:17:52:40 0984782850 2536 2000 2303 10235
2016/03/06:20:49:57 0984782850 2536 2000 2303 9719
2016/03/06:22:35:06 0984782850 2536 2000 2303 5569
2016/03/06:22:58:57 0984782850 2536 2000 2303 5569
2016/03/06:23:10:39 0984782850 2536 2000 2303 5569
2016/03/07:07:39:55 0984782850 2536 2000 2303 6648
2016/03/07:09:30:35 0984782850 2536 2000 2303 6639
2016/03/07:10:54:44 0984782850 2536 2000 2303 6619
2016/03/07:11:33:10 0984782850 2536 2000 2303 6619
2016/03/07:12:37:22 0984782850 2536 2000 2303 3891
2016/03/07:14:03:14 0984782850 2536 2000 2303 3279
2016/03/07:15:32:28 0984782850 2536 2000 2303 3279
2016/03/07:16:22:04 0984782850 2536 2000 2303 3203
2016/03/07:16:59:31 0984782850 2536 2000 2303 3203
2016/03/07:19:12:03 0984782850 2536 2000 2303 3312
2016/03/07:22:43:53 0984782850 2536 2000 2303 2720
2016/03/07:23:50:58 0984782850 2536 2000 2303 2720
2016/03/08:07:45:14 0984782850 2536 2000 2303 3566
2016/03/08:09:07:52 0984782850 2536 2000 2303 3602
2016/03/08:11:58:16 0984782850 2536 2000 2303 2165
2016/03/08:13:15:24 0984782850 2536 2000 2303 2165
2016/03/08:14:42:54 0984782850 2536 2000 2303 2410
2016/03/08:17:18:09 0984782850 2536 2000 2303 2884
2016/03/08:19:45:21 0984782850 2536 2000 2303 3179
2016/03/09:07:49:37 0984782850 2536 2000 2303 2475
2016/03/09:09:59:59 0984782850 2536 2000 2303 2475
2016/03/09:10:55:38 0984782850 2536 2000 2303 2384
2016/03/09:15:05:23 0984782850 2536 2000 2303 2356
2016/03/09:15:56:24 0984782850 2536 2000 2303 2356
2016/03/09:18:44:33 0984782850 2536 2000 2303 2143
2016/03/09:20:29:54 0984782850 2536 2108 2303 2143
2016/03/09:21:19:12 0984782850 2536 2108 2303 1916
2016/03/09:22:35:37 0984782850 2536 2108 2303 1916
2016/03/09:22:47:33 0984782850 2536 2108 2303 1967
2016/03/09:23:27:34 0984782850 2536 2108 2303 1967
2016/03/09:23:48:47 0984782850 2536 2108 2303 1967
2016/03/10:05:06:28 0984782850 2536 2108 2303 2674
2016/03/10:07:53:30 0984782850 2536 2108 2303 2670
2016/03/10:09:40:49 0984782850 2536 2108 2303 2729
2016/03/10:11:10:21 0984782850 2536 2108 2303 2373
2016/03/10:12:00:41 0984782850 2536 2108 2303 2373
2016/03/10:12:28:27 0984782850 2536 2108 2303 2373
2016/03/10:14:06:53 0984782850 2536 2108 2303 2423
2016/03/10:15:32:48 0984782850 2536 2108 2303 2571
2016/03/10:16:42:00 0984782850 2536 2063 2303 2971
2016/03/10:19:19:23 0984782850 2536 2063 2310 2934
2016/03/10:20:22:50 0984782850 2536 2063 2310 2934
2016/03/10:22:57:53 0984782850 2536 2063 2310 2681
2016/03/11:07:50:41 0984782850 2536 2106 2310 2704
2016/03/11:09:52:13 0984782850 2536 2106 2310 2387
2016/03/11:13:43:51 0984782850 2536 2106 2310 2560
2016/03/11:16:08:44 0984782850 2536 2106 2310 2892
2016/03/11:16:50:43 0984782850 2536 2106 2310 2892
2016/03/11:17:31:28 0984782850 2536 2106 2310 2892
2016/03/11:19:37:58 0984782850 2536 2106 2310 2415
2016/03/11:22:50:12 0984782850 2536 2106 2310 2678
2016/03/12:12:14:07 0984782850 2536 2104 2310 2305
2016/03/12:13:49:41 0984782850 2536 2104 2310 2394
2016/03/12:18:56:49 0984782850 2536 2104 2310 2168
2016/03/13:09:31:12 0984782850 2536 2102 2310 4603
2016/03/13:11:15:56 0984782850 2536 2102 2310 4634
2016/03/13:16:23:40 0984782850 2536 2102 2310 4625
2016/03/13:18:17:37 0984782850 2536 2102 2310 5710
2016/03/13:19:47:57 0984782850 2536 2102 2310 5710
2016/03/13:22:46:24 0984782850 2536 2102 2310 4794
2016/03/14:07:50:23 0984782850 2536 2100 2310 5515
2016/03/14:09:01:32 0984782850 2536 2100 2310 3909
2016/03/14:10:16:06 0984782850 2536 2100 2310 3909
2016/03/15:14:52:15 0984782850 2536 2097 2310 4075
2016/03/15:17:35:20 0984782850 2536 2097 2310 3534
2016/03/15:18:53:17 0984782850 2536 2097 2310 3534
2016/03/15:20:17:22 0984782850 2536 2097 2310 3588
2016/03/15:20:51:49 0984782850 2536 2097 2310 3588
2016/03/15:22:47:08 0984782850 2536 2097 2310 1932
2016/03/16:00:38:07 0984782850 2536 2097 2310 1932
2016/03/16:08:15:48 0984782850 2536 2097 2310 1897
2016/03/16:21:42:26 0984782850 2536 2095 2310 2818
2016/03/16:23:33:26 0984782850 2536 2095 2310 2818
2016/03/17:07:35:23 0984782850 2536 2095 2310 3807
2016/03/17:09:02:00 0984782850 2536 2095 2310 3807
2016/03/17:13:51:30 0984782850 2536 2095 2310 4265
2016/03/17:14:41:44 0984782850 2536 2095 2310 4252
2016/03/17:16:07:26 0984782850 2536 2095 2310 4252
2016/03/17:17:25:53 0984782850 2536 2094 2310 5374
2016/03/17:18:28:10 0984782850 2536 2093 2310 5374
2016/03/17:22:31:59 0984782850 2536 2093 2310 3953
2016/03/18:07:46:44 0984782850 2536 2093 2310 4347
2016/03/18:08:58:48 0984782850 2536 2093 2310 4304
2016/03/18:13:50:30 0984782850 2536 2093 2310 3128
2016/03/19:00:43:10 0984782850 2536 2093 2310 2830
2016/03/19:10:47:04 0984782850 2536 2092 2310 3065
2016/03/19:13:13:48 0984782850 2536 2092 2310 3093
2016/03/19:21:07:13 0984782850 2536 2091 2310 4152
2016/03/19:23:44:58 0984782850 2536 2091 2310 5098
2016/03/20:08:17:11 0984782850 2536 2091 2310 4689
2016/03/20:09:57:49 0984782850 2536 2091 2310 4689
2016/03/20:12:18:48 0984782850 2536 2091 2310 4789
2016/03/20:13:48:11 0984782850 2536 2091 2310 3590
2016/03/20:14:45:33 0984782850 2536 2091 2310 3590
2016/03/20:18:08:37 0984782850 2536 2091 2310 4334
2016/03/20:20:07:45 0984782850 2536 2091 2310 2649
2016/03/20:21:56:16 0984782850 2536 2091 2310 2649
2016/03/21:08:17:51 0984782850 2536 2091 2310 4778
2016/03/21:09:27:45 0984782850 2536 2091 2310 4778
2016/03/21:10:18:37 0984782850 2536 2091 2310 4716
2016/03/21:18:03:45 0984782850 2536 2090 2310 3258
2016/03/21:19:23:47 0984782850 2536 2090 2310 3258
2016/03/21:23:10:43 0984782850 2536 2089 2310 2644
2016/03/22:10:16:51 0984782850 2536 2089 2310 4495
2016/03/22:11:07:39 0984782850 2536 2089 2349 4495
2016/03/23:08:05:06 0984782850 2536 2052 2052 3341
2016/03/23:09:32:11 0984782850 2536 2052 2052 3342
2016/03/23:13:16:30 0984782850 2536 2052 2052 3339
2016/03/23:17:56:42 0984782850 2536 2052 2052 3784
2016/03/23:19:07:26 0984782850 2536 2052 1810 4421
2016/03/23:20:16:13 0984782850 2536 2052 1810 4421
2016/03/23:21:28:52 0984782850 2536 2052 1842 4421
2016/03/23:22:17:33 0984782850 2536 2052 1842 4258
2016/03/23:23:14:23 0984782850 2536 2052 1842 4207
2016/03/24:08:01:37 0984782850 2536 2052 1842 2902
2016/03/24:10:09:56 0984782850 2536 2052 1842 2902
2016/03/24:11:14:32 0984782850 2536 2052 1842 3073
2016/03/24:12:25:01 0984782850 2536 2052 1842 3073
2016/03/24:14:09:33 0984782850 2536 2052 1842 3170
2016/03/24:15:19:47 0984782850 2536 2052 1842 3783
2016/03/24:17:04:31 0984782850 2536 2052 1842 3783
2016/03/24:21:00:47 0984782850 2536 2050 1842 5027
2016/03/24:23:04:45 0984782850 2536 2050 1842 5099
2016/03/25:07:55:44 0984782850 2536 2050 1842 5207
2016/03/25:21:58:18 0984782850 2536 2050 2052 5632
2016/03/26:10:14:11 0984782850 2536 2050 2052 3161
2016/03/26:13:31:39 0984782850 2536 2050 2052 3310
2016/03/26:18:08:29 0984782850 2536 2048 2052 4182
2016/03/26:20:38:52 0984782850 2536 2048 2052 3835
2016/03/28:18:42:16 0984782850 2536 2048 2052 4281
2016/03/28:20:32:14 0984782850 2536 2047 2052 3044
2016/03/28:21:36:04 0984782850 2536 2046 2052 2496
2016/03/29:06:46:56 0984782850 2536 2046 2052 3528
2016/03/29:15:19:48 0984782850 2536 2046 2052 3067
2016/03/29:16:35:33 0984782850 2536 2045 2052 3258
2016/03/29:19:30:32 0984782850 2536 2045 2052 2570
2016/03/29:21:52:50 0984782850 2536 2044 2052 1874
2016/03/30:09:22:12 0984782850 2536 2044 2052 2723
2016/03/30:13:35:51 0984782850 2536 2030 2037 2939
2016/03/30:16:00:45 0984782850 2536 2030 2037 3067
2016/03/30:21:10:21 0984782850 2536 2030 2037 2790
2016/03/31:07:08:25 0984782850 2536 2035 2037 3760
2016/03/31:08:53:57 0984782850 2536 2035 2037 3144
2016/03/31:09:41:58 0984782850 2536 2035 2037 3144
2016/03/31:12:42:23 0984782850 2536 2035 2037 3351
2016/03/31:13:48:35 0984782850 2536 2035 2037 3744
2016/03/31:16:33:05 0984782850 2536 2019 2037 3540
2016/03/31:21:19:48 0984782850 2536 2019 2037 5001
2016/04/01:07:29:25 0984782850 2536 2017 2037 4522
2016/04/01:09:29:40 0984782850 2536 2017 2037 3660
2016/04/01:16:32:44 0984782850 2536 2000 2037 3310
2016/04/01:17:39:39 0984782850 2536 2000 2037 3310
2016/04/01:18:38:29 0984782850 2536 1998 2037 3259
2016/04/01:19:36:38 0984782850 2536 1998 2037 3259
2016/04/01:21:28:44 0984782850 2536 1997 2037 3184
2016/04/01:22:39:18 0984782850 2536 1997 2037 3184
2016/04/02:08:15:38 0984782850 2536 1997 2037 3861
2016/04/02:09:27:29 0984782850 2536 1997 2037 3861
2016/04/02:20:07:29 0984782850 2536 1997 2037 2561
2016/04/02:22:35:42 0984782850 2536 1996 2037 2575
2016/04/03:09:58:22 0984782850 2536 1995 2037 3357
2016/04/04:19:53:34 0984782850 2536 1991 2037 3612
2016/04/05:07:04:50 0984782850 2536 1990 2037 4776
2016/04/05:15:14:47 0984782850 2536 1989 2037 2746
2016/04/05:21:45:52 0984782850 2536 1985 2037 3481
2016/04/06:07:02:35 0984782850 2536 1985 2037 2198
2016/04/06:22:59:09 0984782850 2536 1981 2037 2931
2016/04/07:07:22:09 0984782850 2536 1981 2037 2991
2016/04/07:17:28:47 0984782850 2536 1979 2037 2295
2016/04/07:18:44:53 0984782850 2536 1979 2037 2408
2016/04/08:10:29:35 0984782850 2536 1979 2037 2255
2016/04/09:08:00:41 0984782850 2536 1978 2037 2571
2016/04/10:07:06:36 0984782850 2536 1977 2037 3771
2016/04/10:08:38:54 0984782850 2536 1977 2037 3857
2016/04/10:10:15:34 0984782850 2536 1977 2037 3857
2016/04/10:10:49:47 0984782850 2536 1977 2037 3865
2016/04/10:11:27:20 0984782850 2536 1977 2037 3865
2016/04/10:16:16:42 0984782850 2536 1977 2037 4649
2016/04/10:21:45:59 0984782850 2536 1977 2037 6466
2016/04/11:01:03:24 0984782850 2536 1977 2037 3665
2016/04/11:06:51:05 0984782850 2536 1976 2037 3459
2016/04/11:13:04:08 0984782850 2536 1976 2037 2850
2016/04/12:07:13:19 0984782850 2536 1975 2037 3168
2016/04/12:08:14:52 0984782850 2536 1975 2037 3168
2016/04/12:21:42:10 0984782850 2536 1975 2037 2483
2016/04/13:08:20:30 0984782850 2536 1975 2037 2630
2016/04/13:11:34:45 0984782850 2536 1975 2037 2688
2016/04/13:15:14:21 0984782850 2536 1975 2145 2260
2016/04/14:06:52:56 0984782850 2536 2052 2145 3135
2016/04/14:08:42:18 0984782850 2536 2052 2145 3160
2016/04/14:09:34:42 0984782850 2536 2052 2145 3160
2016/04/15:12:04:10 0984782850 2536 2052 2051 2295
2016/04/17:19:15:15 0984782850 2536 2154 2048 3654
2016/04/17:21:58:28 0984782850 2536 2154 2048 3400
2016/04/18:08:09:49 0984782850 2536 2154 2048 4016
2016/04/18:09:32:48 0984782850 2536 2154 2048 4016
2016/12/22:12:19:52 0984782850 2536 2004 2414 5339
2016/12/24:17:58:08 0984782850 2536 2000 2414 4580
2016/12/25:11:30:22 0984782850 2536 1997 2412 3846
2016/12/25:20:59:36 0984782850 2536 1997 2411 5964
2016/12/26:15:10:03 0984782850 2536 1994 2410 3000
2016/12/26:16:52:56 0984782850 2536 1994 2410 3762
2016/12/26:18:52:29 0984782850 2536 1988 2409 4136
2016/12/27:00:22:59 0984782850 2536 1988 2409 6568
2016/12/27:01:22:37 0984782850 2536 1988 2409 7478
2016/12/27:02:22:25 0984782850 2536 1988 2409 7478
2016/12/27:03:22:41 0984782850 2536 1988 2409 7650
2016/12/27:04:22:44 0984782850 2536 1988 2408 5476
2016/12/27:05:22:40 0984782850 2536 1978 2408 5476
2016/12/27:09:22:45 0984782850 2536 1978 2407 5495
2016/12/27:10:22:52 0984782850 2536 1978 2407 5495
2016/12/27:11:22:41 0984782850 2536 1978 2407 5678
2016/12/27:12:22:49 0984782850 2536 1978 2407 5888
2016/12/27:13:22:42 0984782850 2536 1978 2407 5041
2016/12/27:14:23:04 0984782850 2536 1978 2407 5041
2016/12/27:18:22:34 0984782850 2536 1978 2407 6842
2016/12/27:20:22:36 0984782850 2536 1978 2407 8683
2016/12/27:22:22:51 0984782850 2536 1978 2407 7337
2016/12/27:23:22:41 0984782850 2536 1978 2407 7337
2016/12/28:01:22:45 0984782850 2536 1978 2407 7915
2016/12/28:02:22:40 0984782850 2536 1978 2407 5163
2016/12/28:04:22:52 0984782850 2536 1978 2406 5764
2016/12/28:05:22:32 0984782850 2536 1978 2406 5764
2016/12/28:06:22:47 0984782850 2536 1973 2406 5793
2016/12/28:08:22:57 0984782850 2536 1973 2405 5856
2016/12/28:10:22:42 0984782850 2536 1973 2405 4329
2016/12/28:12:22:47 0984782850 2536 1973 2405 4631
2016/12/28:22:22:34 0984782850 2536 1973 2405 3603
2016/12/29:00:22:36 0984782850 2536 1973 2405 4762
2016/12/29:01:22:33 0984782850 2536 1973 2405 4440
2016/12/29:04:22:49 0984782850 2536 1973 2404 4693
2016/12/29:16:22:48 0984782850 2536 1967 2403 3127
2016/12/29:22:22:39 0984782850 2536 1967 2403 3778
2016/12/29:23:22:45 0984782850 2536 1967 2403 3778
2016/12/30:00:22:34 0984782850 2536 1967 2403 4121
2016/12/30:01:22:39 0984782850 2536 1967 2403 4121
2016/12/30:02:22:42 0984782850 2536 1967 2402 3471
2016/12/30:05:22:30 0984782850 2536 1967 2402 3907
2016/12/30:06:22:34 0984782850 2536 1967 2401 3956
2016/12/30:08:22:56 0984782850 2536 1967 2401 4022
2016/12/30:10:22:50 0984782850 2536 1958 2400 4031
2016/12/30:11:22:33 0984782850 2536 1958 2400 4243
2016/12/30:12:22:39 0984782850 2536 1958 2400 4487
2016/12/30:14:23:07 0984782850 2536 1958 2399 5275
2016/12/30:19:22:52 0984782850 2536 1958 2399 4095
2016/12/30:23:22:33 0984782850 2536 1958 2399 5230
2016/12/31:00:22:37 0984782850 2536 1958 2399 5584
2016/12/31:01:22:34 0984782850 2536 1958 2399 5584
2016/12/31:02:22:44 0984782850 2536 1958 2399 4958
2016/12/31:03:22:30 0984782850 2536 1958 2399 5188
2016/12/31:04:22:35 0984782850 2536 1958 2399 4325
2016/12/31:05:22:32 0984782850 2536 1958 2399 4325
2016/12/31:06:22:37 0984782850 2536 1958 2399 4376
2016/12/31:07:22:46 0984782850 2536 1958 2399 4411
2016/12/31:11:22:31 0984782850 2536 1958 2399 3597
2016/12/31:12:22:39 0984782850 2536 1958 2399 3798
2016/12/31:13:22:33 0984782850 2536 1958 2399 4458
2016/12/31:14:22:33 0984782850 2536 1958 2399 4458
2017/01/01:20:22:39 0984782850 2536 1958 2397 5358
2017/01/01:22:22:35 0984782850 2536 1958 2397 7185
2017/01/01:23:22:24 0984782850 2536 1958 2397 7185
2017/01/02:00:22:49 0984782850 2536 1958 2397 5756
2017/01/02:01:22:40 0984782850 2536 1958 2397 5756
2017/01/02:02:22:44 0984782850 2536 1958 2397 4276
2017/01/02:03:22:33 0984782850 2536 1958 2396 4572
2017/01/02:04:22:46 0984782850 2536 1958 2396 3933
2017/01/02:05:22:44 0984782850 2536 1958 2396 3933
2017/01/02:06:22:38 0984782850 2536 1958 2394 4023
2017/01/02:10:23:05 0984782850 2536 1953 2394 4359
2017/01/02:16:22:30 0984782850 2536 1953 2393 6329
2017/01/02:19:22:40 0984782850 2536 1953 2393 10240
