Time: ISBN: Retail-Price: Lowest-New-Price: Lowest-Used-Price: Sales-Rank 
2016/02/21:18:20:38 1138781576 2679 2299 2679 44207
2016/02/21:18:20:41 1138781576 2679 2299 2679 44207
2016/02/21:20:20:19 1138781576 2679 2299 2679 43469
2016/02/21:20:20:22 1138781576 2679 2299 2679 43469
2016/02/21:22:32:09 1138781576 2679 2299 2679 57892
2016/02/21:22:32:12 1138781576 2679 2299 2679 57892
2016/02/21:23:42:53 1138781576 2679 2299 2679 55140
2016/02/21:23:42:55 1138781576 2679 2299 2679 55140
2016/02/22:07:54:34 1138781576 2679 2299 2679 29311
2016/02/22:07:54:37 1138781576 2679 2299 2679 29311
2016/02/22:09:58:04 1138781576 2679 2299 2679 29149
2016/02/22:09:58:07 1138781576 2679 2299 2679 29149
2016/02/22:11:09:13 1138781576 2679 2299 2679 17413
2016/02/22:11:09:16 1138781576 2679 2299 2679 17413
2016/02/22:12:06:56 1138781576 2679 2299 2679 17413
2016/02/22:12:06:58 1138781576 2679 2299 2679 17413
2016/02/22:15:27:25 1138781576 2679 2299 2679 20563
2016/02/22:15:27:27 1138781576 2679 2299 2679 18217
2016/02/22:16:50:07 1138781576 2679 2299 2679 20564
2016/02/22:16:50:09 1138781576 2679 2299 2679 20564
2016/02/23:09:38:14 1138781576 2679 2299 2679 56197
2016/02/23:09:38:17 1138781576 2679 2299 2679 56197
2016/02/23:11:04:34 1138781576 2679 2299 2679 61876
2016/02/23:11:04:36 1138781576 2679 2299 2679 61876
2016/02/23:12:07:32 1138781576 2679 2299 2679 55809
2016/02/23:12:07:35 1138781576 2679 2299 2679 55809
2016/02/23:13:57:59 1138781576 2679 2299 2679 52377
2016/02/23:13:58:01 1138781576 2679 2299 2679 52377
2016/02/23:15:13:31 1138781576 2679 2299 2679 51718
2016/02/23:15:13:34 1138781576 2679 2299 2679 51718
2016/02/23:16:12:17 1138781576 2679 2299 2679 51718
2016/02/23:16:12:19 1138781576 2679 2299 2679 51718
2016/02/23:17:32:55 1138781576 2679 2299 2679 56868
2016/02/23:17:32:58 1138781576 2679 2299 2679 56868
2016/02/24:09:22:00 1138781576 2679 2299 2675 49804
2016/02/24:09:22:02 1138781576 2679 2299 2675 49804
2016/02/24:11:25:09 1138781576 2679 2299 2673 48613
2016/02/24:11:25:12 1138781576 2679 2299 2673 48613
2016/02/24:13:14:56 1138781576 2679 2299 2673 48613
2016/02/24:13:14:58 1138781576 2679 2299 2673 46684
2016/02/24:14:19:16 1138781576 2679 2299 2673 46684
2016/02/24:14:19:18 1138781576 2679 2299 2673 46717
2016/02/24:16:54:37 1138781576 2679 2299 2670 46717
2016/02/24:16:54:40 1138781576 2679 2299 2670 46717
2016/02/24:19:47:32 1138781576 2679 2299 2670 53832
2016/02/24:19:47:34 1138781576 2679 2299 2670 20568
2016/02/24:21:15:59 1138781576 2679 2299 2670 27603
2016/02/24:21:16:01 1138781576 2679 2299 2670 27603
2016/02/24:22:49:01 1138781576 2679 2299 2670 27603
2016/02/24:22:49:04 1138781576 2679 2299 2670 27603
2016/02/24:23:11:51 1138781576 2679 2299 2670 27603
2016/02/24:23:11:52 1138781576 2679 2299 2670 27469
2016/02/25:08:12:26 1138781576 2679 2299 2667 51192
2016/02/25:08:12:28 1138781576 2679 2299 2667 51192
2016/02/25:09:05:55 1138781576 2679 2299 2667 51192
2016/02/25:09:05:58 1138781576 2679 2299 2667 51192
2016/02/25:10:16:00 1138781576 2679 2299 2667 49811
2016/02/25:10:16:02 1138781576 2679 2299 2667 49811
2016/02/25:11:41:08 1138781576 2679 2299 2666 49692
2016/02/25:11:41:10 1138781576 2679 2299 2666 49692
2016/02/25:15:25:59 1138781576 2679 2299 2664 17275
2016/02/25:15:26:02 1138781576 2679 2299 2664 17275
2016/02/25:16:58:23 1138781576 2679 2299 2663 17275
2016/02/25:16:58:26 1138781576 2679 2299 2663 17275
2016/02/25:19:08:13 1138781576 2679 2299 2663 10991
2016/02/25:19:08:16 1138781576 2679 2299 2663 11523
2016/02/25:21:40:45 1138781576 2679 2299 2661 15985
2016/02/25:21:40:47 1138781576 2679 2299 2661 15985
2016/02/25:22:37:52 1138781576 2679 2299 2660 15985
2016/02/25:22:37:54 1138781576 2679 2299 2660 15985
2016/02/26:07:37:15 1138781576 2679 2299 2655 35124
2016/02/26:07:37:17 1138781576 2679 2299 2655 35124
2016/02/26:08:54:07 1138781576 2679 2299 2654 35134
2016/02/26:08:54:09 1138781576 2679 2299 2654 35134
2016/02/26:09:56:36 1138781576 2679 2299 2651 34107
2016/02/26:09:56:38 1138781576 2679 2299 2651 34107
2016/02/26:10:57:50 1138781576 2679 2299 2651 34110
2016/02/26:10:57:53 1138781576 2679 2299 2651 34110
2016/02/26:13:26:20 1138781576 2679 2299 2648 37709
2016/02/26:13:26:22 1138781576 2679 2299 2648 37709
2016/02/26:15:34:51 1138781576 2679 2299 2646 45328
2016/02/26:15:34:54 1138781576 2679 2299 2646 45328
2016/02/26:19:59:01 1138781576 2679 2299 2643 53801
2016/02/26:19:59:04 1138781576 2679 2299 2643 53801
2016/02/26:23:57:02 1138781576 2679 2299 2640 22952
2016/02/26:23:57:05 1138781576 2679 2299 2640 22952
2016/02/27:08:14:47 1138781576 2679 2299 2639 19789
2016/02/27:08:14:50 1138781576 2679 2299 2639 19789
2016/02/27:09:45:53 1138781576 2679 2299 2639 21725
2016/02/27:09:45:56 1138781576 2679 2299 2639 21725
2016/02/27:10:46:20 1138781576 2679 2299 2639 21727
2016/02/27:10:46:23 1138781576 2679 2299 2639 21727
2016/02/27:14:30:51 1138781576 2679 2299 2639 22481
2016/02/27:14:30:54 1138781576 2679 2299 2639 22481
2016/02/27:16:37:49 1138781576 2679 2299 2639 23287
2016/02/27:16:37:51 1138781576 2679 2299 2639 23287
2016/02/27:17:13:08 1138781576 2679 2299 2639 23288
2016/02/27:17:13:11 1138781576 2679 2299 2639 23288
2016/02/27:17:54:53 1138781576 2679 2299 2639 23288
2016/02/27:17:54:55 1138781576 2679 2299 2639 23288
2016/02/27:19:48:59 1138781576 2679 2299 2639 27043
2016/02/27:19:49:01 1138781576 2679 2299 2639 27043
2016/02/28:00:01:40 1138781576 2679 2299 2639 40573
2016/02/28:00:01:42 1138781576 2679 2299 2639 40573
2016/02/28:00:33:24 1138781576 2679 2299 2637 40628
2016/02/28:00:33:26 1138781576 2679 2299 2637 40573
2016/02/28:03:47:49 1138781576 2679 2299 2634 57724
2016/02/28:03:47:51 1138781576 2679 2299 2634 57724
2016/02/28:10:32:23 1138781576 2679 2299 2631 60913
2016/02/28:10:32:26 1138781576 2679 2299 2631 60913
2016/02/28:11:20:15 1138781576 2679 2299 2631 61094
2016/02/28:11:20:18 1138781576 2679 2299 2631 61094
2016/02/28:13:23:16 1138781576 2679 2299 2631 56558
2016/02/28:13:23:19 1138781576 2679 2299 2631 56558
2016/02/28:17:27:41 1138781576 2679 2299 2631 54507
2016/02/28:17:27:43 1138781576 2679 2299 2631 54507
2016/02/28:19:39:28 1138781576 2679 2299 2631 19380
2016/02/28:19:39:31 1138781576 2679 2299 2631 19380
2016/02/28:20:54:22 1138781576 2679 2299 2631 19380
2016/02/28:20:54:25 1138781576 2679 2299 2631 19380
2016/02/28:22:25:53 1138781576 2679 2299 2631 26462
2016/02/28:22:25:55 1138781576 2679 2299 2631 26462
2016/02/28:23:05:44 1138781576 2679 2299 2631 26466
2016/02/28:23:05:46 1138781576 2679 2299 2631 26466
2016/02/29:09:32:18 1138781576 2679 2299 2631 56985
2016/02/29:09:32:20 1138781576 2679 2299 2631 56985
2016/02/29:10:39:49 1138781576 2679 2299 2631 52161
2016/02/29:10:39:51 1138781576 2679 2299 2631 52161
2016/02/29:12:01:35 1138781576 2679 2299 2631 52161
2016/02/29:12:01:38 1138781576 2679 2299 2631 22513
2016/02/29:12:30:39 1138781576 2679 2299 2631 22513
2016/02/29:12:30:42 1138781576 2679 2299 2631 22513
2016/02/29:12:50:02 1138781576 2679 2299 2631 22513
2016/02/29:12:50:05 1138781576 2679 2299 2631 22513
2016/02/29:13:53:39 1138781576 2679 2299 2631 22513
2016/02/29:13:53:42 1138781576 2679 2299 2631 22513
2016/02/29:15:30:00 1138781576 2679 2299 2631 23490
2016/02/29:15:30:01 1138781576 2679 2299 2631 26584
2016/02/29:15:51:24 1138781576 2679 2299 2631 26584
2016/02/29:15:51:27 1138781576 2679 2299 2631 26584
2016/02/29:16:26:00 1138781576 2679 2299 2631 26584
2016/02/29:16:26:04 1138781576 2679 2299 2631 26584
2016/03/01:02:19:50 1138781576 2679 2299 2631 15151
2016/03/01:02:19:53 1138781576 2679 2299 2631 15151
2016/03/01:09:36:10 1138781576 2679 2299 2631 24392
2016/03/01:09:36:13 1138781576 2679 2299 2631 24392
2016/03/01:12:00:35 1138781576 2679 2299 2631 16272
2016/03/01:12:00:38 1138781576 2679 2299 2631 16272
2016/03/01:15:23:21 1138781576 2679 2299 2631 17026
2016/03/01:15:23:24 1138781576 2679 2299 2631 17026
2016/03/01:18:46:47 1138781576 2679 2299 2631 23257
2016/03/01:18:46:49 1138781576 2679 2299 2631 23257
2016/03/01:20:07:23 1138781576 2679 2299 2631 23261
2016/03/01:20:07:25 1138781576 2679 2299 2631 23261
2016/03/01:21:06:16 1138781576 2679 2299 2631 30709
2016/03/01:21:06:19 1138781576 2679 2299 2631 30709
2016/03/01:21:58:22 1138781576 2679 2299 2631 29505
2016/03/01:21:58:24 1138781576 2679 2299 2631 29505
2016/03/01:23:13:56 1138781576 2679 2299 2631 29508
2016/03/01:23:13:59 1138781576 2679 2299 2631 29508
2016/03/01:23:29:26 1138781576 2679 2299 2631 29508
2016/03/01:23:29:29 1138781576 2679 2299 2631 29508
2016/03/02:07:30:09 1138781576 2679 2299 2631 14121
2016/03/02:07:30:11 1138781576 2679 2299 2631 14121
2016/03/02:09:44:43 1138781576 2679 2299 2631 14417
2016/03/02:09:44:46 1138781576 2679 2299 2631 14417
2016/03/02:12:05:02 1138781576 2679 2299 2631 17008
2016/03/02:12:05:04 1138781576 2679 2299 2631 17008
2016/03/02:12:53:15 1138781576 2679 2299 2631 17499
2016/03/02:12:53:17 1138781576 2679 2299 2631 17499
2016/03/02:15:57:22 1138781576 2679 2299 2631 17943
2016/03/02:15:57:25 1138781576 2679 2299 2631 17943
2016/03/02:16:52:41 1138781576 2679 2299 2631 20012
2016/03/02:16:52:44 1138781576 2679 2299 2631 20012
2016/03/02:18:48:24 1138781576 2679 2299 2631 23950
2016/03/02:18:48:26 1138781576 2679 2299 2631 23950
2016/03/02:21:27:29 1138781576 2679 2299 2631 16199
2016/03/02:21:27:31 1138781576 2679 2299 2631 16199
2016/03/02:23:10:55 1138781576 2679 2299 2631 16334
2016/03/02:23:10:57 1138781576 2679 2299 2631 16334
2016/03/03:09:29:55 1138781576 2679 2299 2631 28806
2016/03/03:09:29:57 1138781576 2679 2299 2631 28806
2016/03/03:10:25:34 1138781576 2679 2299 2631 28806
2016/03/03:10:25:36 1138781576 2679 2299 2631 32279
2016/03/03:10:40:42 1138781576 2679 2299 2631 32279
2016/03/03:10:40:44 1138781576 2679 2299 2631 32279
2016/03/03:11:42:06 1138781576 2679 2299 2631 32279
2016/03/03:11:42:08 1138781576 2679 2299 2631 32279
2016/03/03:12:18:09 1138781576 2679 2299 2631 32279
2016/03/03:12:18:11 1138781576 2679 2299 2631 32279
2016/03/03:12:42:01 1138781576 2679 2299 2631 32279
2016/03/03:12:42:04 1138781576 2679 2299 2631 32279
2016/03/03:13:04:35 1138781576 2679 2299 2631 31770
2016/03/03:13:04:38 1138781576 2679 2299 2631 31770
2016/03/03:15:16:30 1138781576 2679 2299 2631 31267
2016/03/03:15:16:33 1138781576 2679 2299 2631 31271
2016/03/03:17:15:26 1138781576 2679 2299 2633 34366
2016/03/03:17:15:28 1138781576 2679 2299 2633 34366
2016/03/03:17:49:20 1138781576 2679 2299 2633 34366
2016/03/03:17:49:23 1138781576 2679 2299 2633 34366
2016/03/03:18:08:37 1138781576 2679 2299 2633 34366
2016/03/03:18:08:40 1138781576 2679 2299 2633 34366
2016/03/03:18:35:17 1138781576 2679 2299 2633 42217
2016/03/03:18:35:20 1138781576 2679 2299 2633 34366
2016/03/03:19:58:23 1138781576 2679 2299 2694 42222
2016/03/03:19:58:25 1138781576 2679 2299 2694 42222
2016/03/03:20:44:38 1138781576 2679 2299 2694 54968
2016/03/03:20:44:41 1138781576 2679 2299 2694 42222
2016/03/04:07:36:28 1138781576 2679 2299 3126 12587
2016/03/04:07:36:31 1138781576 2679 2299 3126 12587
2016/03/04:09:14:54 1138781576 2679 2299 3125 14718
2016/03/04:09:14:57 1138781576 2679 2299 3125 14718
2016/03/04:09:49:50 1138781576 2679 2299 3124 14718
2016/03/04:09:49:53 1138781576 2679 2299 3124 14718
2016/03/04:11:10:48 1138781576 2679 2299 3091 14718
2016/03/04:11:10:51 1138781576 2679 2299 3091 15257
2016/03/04:11:38:11 1138781576 2679 2299 3090 15257
2016/03/04:11:38:13 1138781576 2679 2299 3090 15257
2016/03/04:11:56:47 1138781576 2679 2299 3074 15257
2016/03/04:11:56:51 1138781576 2679 2299 3074 15257
2016/03/04:13:07:53 1138781576 2679 2299 3074 15550
2016/03/04:13:07:56 1138781576 2679 2299 3074 15550
2016/03/04:16:28:04 1138781576 2679 2299 3055 16731
2016/03/04:16:28:06 1138781576 2679 2299 3055 16731
2016/03/04:17:05:51 1138781576 2679 2299 3039 19575
2016/03/04:17:05:53 1138781576 2679 2299 3039 19575
2016/03/04:19:30:00 1138781576 2679 2299 3039 12600
2016/03/04:19:30:02 1138781576 2679 2299 3039 12600
2016/03/04:20:09:22 1138781576 2679 2299 3038 12600
2016/03/04:20:09:25 1138781576 2679 2299 3038 12600
2016/03/04:21:16:47 1138781576 2679 2299 3022 12600
2016/03/04:22:38:51 1138781576 2679 2299 3021 10784
2016/03/04:23:33:54 1138781576 2679 2299 3021 11050
2016/03/05:08:43:58 1138781576 2679 2299 2934 18384
2016/03/05:10:00:18 1138781576 2679 2299 2917 20478
2016/03/05:10:58:25 1138781576 2679 2299 2916 20404
2016/03/05:11:53:48 1138781576 2679 2299 2916 20404
2016/03/05:12:18:05 1138781576 2679 2299 2900 20404
2016/03/05:12:38:23 1138781576 2679 2299 2900 20404
2016/03/05:12:54:12 1138781576 2679 2299 2900 20506
2016/03/05:17:40:04 1138781576 2679 2299 2864 23963
2016/03/05:19:29:30 1138781576 2679 2299 2847 23965
2016/03/05:20:18:31 1138781576 2679 2299 2846 27961
2016/03/05:21:49:05 1138781576 2679 2299 2830 36155
2016/03/05:23:09:55 1138781576 2679 2299 2814 32566
2016/03/06:03:50:15 1138781576 2679 2299 2797 12151
2016/03/06:08:36:55 1138781576 2679 2299 2763 16010
2016/03/06:09:40:45 1138781576 2679 2299 2747 17380
2016/03/06:10:33:11 1138781576 2679 2299 2746 17380
2016/03/06:11:28:26 1138781576 2679 2299 2746 17494
2016/03/06:14:29:17 1138781576 2679 2299 2729 18423
2016/03/06:14:44:17 1138781576 2679 2299 2729 18424
2016/03/06:15:51:54 1138781576 2679 2299 2713 18424
2016/03/06:16:35:03 1138781576 2679 2299 2713 19521
2016/03/06:17:49:27 1138781576 2679 2299 2712 11226
2016/03/06:20:46:44 1138781576 2679 2299 2696 11508
2016/03/06:22:31:53 1138781576 2679 2299 2695 15312
2016/03/06:22:55:44 1138781576 2679 2299 2695 15312
2016/03/06:23:07:26 1138781576 2679 2299 2695 15312
2016/03/07:07:36:42 1138781576 2679 2299 2678 16544
2016/03/07:09:27:20 1138781576 2679 2299 2676 16589
2016/03/07:10:51:31 1138781576 2679 2299 2676 16574
2016/03/07:11:29:56 1138781576 2679 2299 2676 16575
2016/03/07:12:34:09 1138781576 2679 2299 2679 17937
2016/03/07:14:00:02 1138781576 2679 2299 2679 19353
2016/03/07:15:29:15 1138781576 2679 2299 2679 19353
2016/03/07:16:18:50 1138781576 2679 2299 2679 22879
2016/03/07:16:56:18 1138781576 2679 2299 2679 22881
2016/03/07:19:08:50 1138781576 2679 2299 2679 22202
2016/03/07:22:40:40 1138781576 2679 2299 2679 34532
2016/03/07:23:47:45 1138781576 2679 2299 2679 34534
2016/03/08:07:42:00 1138781576 2679 2299 2679 26357
2016/03/08:09:04:39 1138781576 2679 2299 2679 25880
2016/03/08:11:55:03 1138781576 2679 2299 2679 27209
2016/03/08:13:12:11 1138781576 2679 2299 2679 27209
2016/03/08:14:39:41 1138781576 2679 2299 2679 29045
2016/03/08:17:14:56 1138781576 2679 2299 2679 14364
2016/03/08:19:42:05 1138781576 2679 2299 2679 16030
2016/03/09:07:46:24 1138781576 2679 2299 3177 16792
2016/03/09:09:56:46 1138781576 2679 2299 3177 16784
2016/03/09:10:52:24 1138781576 2679 2299 3177 18121
2016/03/09:15:02:10 1138781576 2679 2299 3177 20768
2016/03/09:15:53:11 1138781576 2679 2299 3177 20768
2016/03/09:18:41:20 1138781576 2679 2299 3177 24413
2016/03/09:19:58:54 1138781576 2679 2299 3177 24415
2016/03/09:20:26:40 1138781576 2679 2299 3177 15992
2016/03/09:21:15:51 1138781576 2679 2299 3177 15992
2016/03/09:22:32:23 1138781576 2679 2299 3177 16031
2016/03/09:22:44:16 1138781576 2679 2299 3177 16031
2016/03/09:23:24:21 1138781576 2679 2299 3177 16031
2016/03/09:23:45:34 1138781576 2679 2299 3177 16031
2016/03/10:05:03:15 1138781576 2679 2299 3160 13746
2016/03/10:07:50:16 1138781576 2679 2299 3143 13776
2016/03/10:09:37:26 1138781576 2679 2299 3142 15922
2016/03/10:11:07:04 1138781576 2679 2299 3126 16087
2016/03/10:11:57:28 1138781576 2679 2299 3126 16087
2016/03/10:12:25:12 1138781576 2679 2299 3126 16086
2016/03/10:13:50:30 1138781576 2679 2299 3125 16094
2016/03/10:14:03:39 1138781576 2679 2299 3125 16094
2016/03/10:15:29:35 1138781576 2679 2299 3125 17031
2016/03/10:16:38:47 1138781576 2679 2299 3109 19575
2016/03/10:19:16:10 1138781576 2679 2299 3108 12179
2016/03/10:20:19:37 1138781576 2679 2299 3108 12181
2016/03/10:22:54:39 1138781576 2679 2299 3108 16140
2016/03/11:07:47:28 1138781576 2679 2299 3056 12197
2016/03/11:09:48:55 1138781576 2679 2299 3039 14014
2016/03/11:13:40:34 1138781576 2679 2299 3021 14630
2016/03/11:15:51:28 1138781576 2679 2299 3005 16288
2016/03/11:16:47:29 1138781576 2679 2299 3004 16288
2016/03/11:17:28:13 1138781576 2679 2299 3002 19265
2016/03/11:19:34:45 1138781576 2679 2299 2986 18674
2016/03/11:22:46:59 1138781576 2679 2299 2986 12227
2016/03/12:12:10:54 1138781576 2679 2299 2934 15614
2016/03/12:13:46:28 1138781576 2679 2299 2918 15865
2016/03/12:18:53:36 1138781576 2679 2299 2901 20798
2016/03/13:09:27:58 1138781576 2679 2299 2830 22741
2016/03/13:11:12:43 1138781576 2679 2299 2814 23092
2016/03/13:16:20:27 1138781576 2679 2299 2780 23826
2016/03/13:18:14:18 1138781576 2679 2299 2779 32430
2016/03/13:19:44:43 1138781576 2679 2299 2779 32430
2016/03/13:22:43:08 1138781576 2679 2299 2761 45418
2016/03/14:07:47:09 1138781576 2679 2299 2706 21169
2016/03/14:08:58:17 1138781576 2679 2299 2706 15532
2016/03/14:09:36:22 1138781576 2679 2299 2706 15532
2016/03/14:10:12:53 1138781576 2679 2299 2706 15532
2016/03/15:14:44:05 1138781576 2679 2199 1869 45482
2016/03/15:17:27:11 1138781576 2679 2199 1869 56843
2016/03/15:18:45:07 1138781576 2679 2199 1869 56958
2016/03/15:20:09:16 1138781576 2679 2199 1869 55321
2016/03/15:20:43:50 1138781576 2679 2199 1869 55544
2016/03/15:22:39:04 1138781576 2679 2199 1869 28490
2016/03/16:00:30:04 1138781576 2679 2199 1869 28490
2016/03/16:08:07:47 1138781576 2679 2199 1869 24938
2016/03/16:21:34:23 1138781576 2679 2199 1869 45713
2016/03/16:23:25:15 1138781576 2679 2199 1869 45715
2016/03/17:07:27:17 1138781576 2679 2199 1869 24794
2016/03/17:08:53:57 1138781576 2679 2199 1869 24794
2016/03/17:13:43:21 1138781576 2679 2199 1869 28847
2016/03/17:14:33:40 1138781576 2679 2199 1869 29230
2016/03/17:15:59:17 1138781576 2679 2199 1869 29230
2016/03/17:17:17:50 1138781576 2679 2199 1869 34166
2016/03/17:18:19:55 1138781576 2679 2199 1869 15216
2016/03/17:22:23:40 1138781576 2679 2199 1869 20528
2016/03/18:07:38:33 1138781576 2679 2199 1869 42294
2016/03/18:08:50:40 1138781576 2679 2199 1869 38799
2016/03/18:13:42:15 1138781576 2679 2199 1869 37798
2016/03/19:00:34:58 1138781576 2679 2199 2631 33448
2016/03/19:10:38:53 1138781576 2679 2199 2631 22581
2016/03/19:12:13:22 1138781576 2679 2199 2631 22763
2016/03/19:13:05:40 1138781576 2679 2199 2631 22767
2016/03/19:20:59:02 1138781576 2679 2199 2631 45274
2016/03/19:23:36:49 1138781576 2679 2199 2631 52139
2016/03/20:08:08:52 1138781576 2679 2199 2631 61818
2016/03/20:09:49:39 1138781576 2679 2199 2631 61818
2016/03/20:12:10:37 1138781576 2679 2199 2631 60242
2016/03/20:13:39:56 1138781576 2679 2199 2631 51912
2016/03/20:14:37:22 1138781576 2679 2199 2631 51987
2016/03/20:18:00:29 1138781576 2679 2199 2631 55804
2016/03/20:19:59:37 1138781576 2679 2199 2631 59912
2016/03/20:21:48:01 1138781576 2679 2199 2631 60048
2016/03/21:08:09:42 1138781576 2679 2199 2631 42882
2016/03/21:09:19:37 1138781576 2679 2199 2631 42882
2016/03/21:10:10:27 1138781576 2679 2199 2631 40279
2016/03/21:17:55:36 1138781576 2679 2289 2631 54812
2016/03/21:19:15:41 1138781576 2679 2289 2631 54852
2016/03/21:23:02:28 1138781576 2679 2289 2631 69838
2016/03/22:10:08:41 1138781576 2679 2289 2631 31737
2016/03/22:10:59:26 1138781576 2679 2289 2631 31743
2016/03/23:07:54:42 1138781576 2679 2289 3097 13341
2016/03/23:09:21:47 1138781576 2679 2289 3096 13343
2016/03/23:13:06:01 1138781576 2679 2289 3077 10439
2016/03/23:14:04:29 1138781576 2679 2289 3077 10978
2016/03/23:17:46:20 1138781576 2679 2289 3061 12450
2016/03/23:18:57:04 1138781576 2679 2289 3060 15025
2016/03/23:20:05:46 1138781576 2679 2289 3060 15025
2016/03/23:21:18:28 1138781576 2679 2289 3060 15025
2016/03/23:22:07:07 1138781576 2679 2289 3060 15025
2016/03/23:23:03:56 1138781576 2679 2289 3060 19536
2016/03/24:07:51:12 1138781576 2679 2289 2990 34807
2016/03/24:09:59:32 1138781576 2679 2289 2973 32390
2016/03/24:11:04:06 1138781576 2679 2289 2973 31945
2016/03/24:12:14:40 1138781576 2679 2289 2956 31952
2016/03/24:13:59:03 1138781576 2679 2289 2940 31278
2016/03/24:15:09:12 1138781576 2679 2289 2939 37544
2016/03/24:16:54:02 1138781576 2679 2289 2923 37544
2016/03/24:20:50:25 1138781576 2679 2289 2905 50362
2016/03/24:22:53:57 1138781576 2679 2289 2888 48316
2016/03/25:07:45:04 1138781576 2679 2289 2853 27827
2016/03/25:21:47:37 1138781576 2679 2289 2767 53958
2016/03/26:10:03:21 1138781576 2679 2289 2681 13742
2016/03/26:13:20:59 1138781576 2679 2289 2677 14470
2016/03/26:17:57:46 1138781576 2679 2289 2669 19134
2016/03/26:20:28:14 1138781576 2679 2289 2665 23525
2016/03/28:18:31:35 1138781576 2679 2289 2921 71253
2016/03/28:20:21:35 1138781576 2679 2289 2920 75279
2016/03/28:21:25:24 1138781576 2679 2289 2920 79359
2016/03/29:06:36:22 1138781576 2679 2289 2869 105147
2016/03/29:10:52:16 1138781576 2679 2289 2836 110216
2016/03/29:15:09:11 1138781576 2679 2289 2817 108849
2016/03/29:16:24:01 1138781576 2679 2289 2817 105994
2016/03/29:19:19:52 1138781576 2679 2289 2784 108063
2016/03/29:21:42:07 1138781576 2679 2289 2782 111287
2016/03/30:09:11:29 1138781576 2679 2289 2730 132825
2016/03/30:13:25:13 1138781576 2679 2289 2728 132617
2016/03/30:15:50:10 1138781576 2679 2289 2728 132235
2016/03/30:16:33:41 1138781576 2679 2289 2727 132235
2016/03/30:18:51:14 1138781576 2679 2289 2726 12710
2016/03/30:20:59:50 1138781576 2679 2289 2726 18036
2016/03/31:06:57:56 1138781576 2679 2289 2724 18365
2016/03/31:08:43:19 1138781576 2679 2289 2722 24067
2016/03/31:09:31:24 1138781576 2679 2289 2722 24067
2016/03/31:12:31:36 1138781576 2679 2289 2722 25785
2016/03/31:13:37:52 1138781576 2679 2289 2720 30665
2016/03/31:16:22:25 1138781576 2679 2289 2720 39615
2016/03/31:21:09:00 1138781576 2679 2289 2718 18867
2016/04/01:07:18:44 1138781576 2679 2289 2716 13124
2016/04/01:08:29:30 1138781576 2679 2289 2714 13878
2016/04/01:09:19:00 1138781576 2679 2289 2714 13878
2016/04/01:16:22:11 1138781576 2679 2289 2712 20428
2016/04/01:17:29:02 1138781576 2679 2289 2712 20428
2016/04/01:18:27:56 1138781576 2679 2289 2712 24391
2016/04/01:19:26:01 1138781576 2679 2289 2696 24391
2016/04/01:21:18:03 1138781576 2679 2289 2696 28305
2016/04/01:22:28:40 1138781576 2679 2289 2696 28305
2016/04/02:08:04:58 1138781576 2679 2289 2675 15349
2016/04/02:09:16:51 1138781576 2679 2289 2672 15350
2016/04/02:19:56:46 1138781576 2679 2289 2668 13934
2016/04/02:22:25:02 1138781576 2679 2289 3197 16812
2016/04/03:08:53:31 1138781576 2679 2289 3193 29626
2016/04/03:09:47:44 1138781576 2679 2289 3192 29628
2016/04/04:19:42:53 1138781576 2679 2289 3157 65613
2016/04/05:06:54:06 1138781576 2679 2289 3120 29879
2016/04/05:15:04:04 1138781576 2679 2289 3084 34290
2016/04/05:15:56:44 1138781576 2679 2289 3083 41724
2016/04/05:21:35:06 1138781576 2679 2289 3049 18913
2016/04/06:06:51:56 1138781576 2679 2289 3013 44944
2016/04/06:10:38:25 1138781576 2679 2289 2996 40691
2016/04/06:14:24:59 1138781576 2679 2289 2979 44745
2016/04/06:22:48:27 1138781576 2679 2289 2946 82383
2016/04/07:07:11:24 1138781576 2679 2289 2912 21023
2016/04/07:17:18:00 1138781576 2539 2189 2878 34696
2016/04/07:18:34:22 1138781576 2539 2189 2863 14739
2016/04/08:10:18:57 1138781576 2539 2189 2812 35140
2016/04/09:07:49:51 1138781576 2679 2189 2769 78589
2016/04/10:06:55:53 1138781576 2679 2189 2769 106314
2016/04/10:08:28:06 1138781576 2679 2189 2769 105069
2016/04/10:10:04:47 1138781576 2679 2189 2769 105070
2016/04/10:10:39:09 1138781576 2679 2189 2769 101324
2016/04/10:11:16:36 1138781576 2679 2189 2769 101324
2016/04/10:16:05:56 1138781576 2679 2189 2769 97975
2016/04/10:21:35:02 1138781576 2679 2189 2769 10793
2016/04/11:00:52:39 1138781576 2679 2189 2769 18173
2016/04/11:06:40:15 1138781576 2679 2189 3175 31966
2016/04/11:12:53:31 1138781576 2679 2189 3174 39172
2016/04/12:07:02:25 1138781576 2679 2189 3159 44969
2016/04/12:08:04:08 1138781576 2679 2189 3158 44973
2016/04/12:09:23:55 1138781576 2679 2189 3158 14917
2016/04/12:13:02:00 1138781576 2679 2189 3142 16026
2016/04/12:21:31:23 1138781576 2679 2189 3110 17873
2016/04/13:08:09:51 1138781576 2679 2189 3078 63412
2016/04/13:11:24:02 1138781576 2679 2189 3062 58549
2016/04/13:15:03:38 1138781576 2679 2189 3046 59428
2016/04/13:15:55:37 1138781576 2679 2189 3046 59455
2016/04/14:06:42:20 1138781576 2679 2189 2999 37367
2016/04/14:08:31:49 1138781576 2679 2189 2999 37374
2016/04/14:09:24:13 1138781576 2679 2189 2999 37829
2016/04/15:11:53:45 1138781576 2679 2179 2999 18902
2016/04/17:19:04:43 1138781576 2679 2179 2935 62187
2016/04/17:21:48:01 1138781576 2679 2179 2919 18896
2016/04/18:07:59:20 1138781576 2679 2179 2870 13123
2016/04/18:09:22:15 1138781576 2679 2179 2855 13821
2016/12/22:10:18:13 1138781576 2978 2614 2035 22254
2016/12/22:12:13:38 1138781576 2978 2614 2035 24961
2016/12/24:17:51:46 1138781576 2978 2614 2942 18762
2016/12/24:20:20:25 1138781576 2978 2614 2942 22067
2016/12/24:23:11:37 1138781576 2978 2614 2942 12331
2016/12/25:11:24:04 1138781576 2978 2614 2942 18304
2016/12/25:20:53:17 1138781576 2978 2614 2942 16000
2016/12/26:15:03:50 1138781576 2978 2614 2940 40275
2016/12/26:16:46:41 1138781576 2978 2614 2940 49178
2016/12/26:18:46:21 1138781576 2978 2614 2940 52458
2016/12/27:00:16:41 1138781576 2978 2614 2940 67319
2016/12/27:01:16:22 1138781576 2978 2614 2940 67319
2016/12/27:02:16:14 1138781576 2978 2614 2940 71964
2016/12/27:03:16:25 1138781576 2978 2614 2940 71610
2016/12/27:04:16:28 1138781576 2978 2614 2939 71610
2016/12/27:05:16:24 1138781576 2978 2614 2939 71146
2016/12/27:08:16:33 1138781576 2978 2614 2938 65345
2016/12/27:09:16:28 1138781576 2978 2614 2938 61928
2016/12/27:10:16:34 1138781576 2978 2614 2938 61928
2016/12/27:11:16:24 1138781576 2978 2614 2938 59606
2016/12/27:12:16:32 1138781576 2978 2614 2938 57939
2016/12/27:13:16:24 1138781576 2978 2614 2938 57939
2016/12/27:14:16:39 1138781576 2978 2614 2938 17119
2016/12/27:17:16:28 1138781576 2978 2614 2938 25300
2016/12/27:18:16:21 1138781576 2978 2614 2938 25300
2016/12/27:20:16:21 1138781576 2978 2614 2938 37215
2016/12/27:22:16:32 1138781576 2978 2614 2938 41172
2016/12/27:23:16:24 1138781576 2978 2614 2938 49597
2016/12/28:01:16:27 1138781576 2978 2614 2937 17121
2016/12/28:02:16:25 1138781576 2978 2614 2937 20627
2016/12/28:04:16:33 1138781576 2978 2614 2937 22047
2016/12/28:05:16:19 1138781576 2978 2614 2935 23330
2016/12/28:06:16:30 1138781576 2978 2614 2935 23634
2016/12/28:08:16:33 1138781576 2978 2614 2935 24096
2016/12/28:10:16:28 1138781576 2978 2614 2935 24332
2016/12/28:12:16:30 1138781576 2978 2614 2935 28355
2016/12/28:17:16:27 1138781576 2978 2614 2934 52652
2016/12/28:18:16:29 1138781576 2978 2614 2934 52652
2016/12/28:22:16:19 1138781576 2978 2614 2934 65897
2016/12/29:00:16:21 1138781576 2978 2614 2934 24056
2016/12/29:01:16:19 1138781576 2978 2614 2934 24056
2016/12/29:02:16:20 1138781576 2978 2614 2933 28053
2016/12/29:04:16:30 1138781576 2978 2614 2933 29445
2016/12/29:06:16:16 1138781576 2978 2614 2933 30917
2016/12/29:08:16:25 1138781576 2978 2614 2933 31338
2016/12/29:12:16:29 1138781576 2978 2614 2932 34959
2016/12/29:15:16:36 1138781576 2978 2614 2932 49024
2016/12/29:16:16:22 1138781576 2978 2614 2932 10160
2016/12/29:17:16:29 1138781576 2978 2614 2932 10160
2016/12/29:18:16:25 1138781576 2978 2614 2932 11535
2016/12/29:19:16:16 1138781576 2978 2614 2932 11535
2016/12/29:20:16:31 1138781576 2978 2614 2932 14445
2016/12/29:22:16:24 1138781576 2978 2614 2932 16184
2016/12/29:23:16:26 1138781576 2978 2614 2932 19449
2016/12/30:00:16:16 1138781576 2978 2614 2932 21214
2016/12/30:01:16:22 1138781576 2978 2614 2932 21214
2016/12/30:02:16:23 1138781576 2978 2614 2932 24619
2016/12/30:04:16:23 1138781576 2978 2614 2929 25668
2016/12/30:05:16:14 1138781576 2978 2614 2929 26873
2016/12/30:06:16:19 1138781576 2978 2614 2929 26816
2016/12/30:08:16:26 1138781576 2978 2614 2929 26987
2016/12/30:10:16:28 1138781576 2999 2614 2929 26872
2016/12/30:11:16:17 1138781576 2999 2614 2928 28576
2016/12/30:12:16:20 1138781576 2999 2614 2928 30585
2016/12/30:13:16:11 1138781576 2999 2614 2928 30585
2016/12/30:14:16:45 1138781576 2999 2614 2928 39565
2016/12/30:17:16:26 1138781576 2999 2614 2928 53266
2016/12/30:18:16:22 1138781576 2999 2614 2928 55741
2016/12/30:19:16:35 1138781576 2999 2614 2928 55741
2016/12/30:20:16:12 1138781576 2999 2614 2928 20444
2016/12/30:21:16:17 1138781576 2999 2614 2928 12121
2016/12/30:22:16:28 1138781576 2999 2614 2928 12121
2016/12/30:23:16:18 1138781576 2999 2614 2928 14595
2016/12/31:00:16:18 1138781576 2999 2614 2928 16037
2016/12/31:01:16:17 1138781576 2999 2614 2927 16037
2016/12/31:02:16:23 1138781576 2999 2614 2926 18818
2016/12/31:03:16:14 1138781576 2999 2614 2926 19829
2016/12/31:04:16:19 1138781576 2999 2614 2926 19829
2016/12/31:05:16:16 1138781576 2999 2614 2926 20922
2016/12/31:06:16:19 1138781576 2999 2614 2926 21103
2016/12/31:07:16:26 1138781576 2999 2614 2926 21103
2016/12/31:08:16:23 1138781576 2999 2614 2926 21315
2016/12/31:10:16:21 1138781576 2999 2614 2926 21374
2016/12/31:11:16:14 1138781576 2999 2614 2926 22102
2016/12/31:12:16:21 1138781576 2999 2614 2926 23101
2016/12/31:13:16:17 1138781576 2999 2614 2926 23101
2016/12/31:14:16:16 1138781576 2999 2614 2926 28721
2016/12/31:15:16:45 1138781576 2999 2614 2926 31730
2016/12/31:17:16:24 1138781576 2999 2614 2926 39144
2017/01/01:20:16:14 1138781576 2999 2614 2924 72271
2017/01/01:22:16:18 1138781576 2999 2614 2924 77050
2017/01/01:23:16:09 1138781576 2999 2614 2924 85736
2017/01/02:00:16:28 1138781576 2999 2614 2924 89409
2017/01/02:01:16:21 1138781576 2999 2614 2924 89409
2017/01/02:02:16:23 1138781576 2999 2614 2924 95955
2017/01/02:03:16:16 1138781576 2999 2614 2924 96505
2017/01/02:04:16:26 1138781576 2999 2614 2924 96505
2017/01/02:05:16:25 1138781576 2999 2614 2923 96831
2017/01/02:06:16:18 1138781576 2999 2614 2923 94243
2017/01/02:08:16:22 1138781576 2999 2614 2922 91504
2017/01/02:09:16:22 1138781576 2999 2614 2922 88203
2017/01/02:10:16:42 1138781576 2999 2614 2922 88203
2017/01/02:16:16:13 1138781576 2999 2614 2922 87678
2017/01/02:17:16:12 1138781576 2999 2614 2922 93541
2017/01/02:18:16:19 1138781576 2999 2614 2922 25299
2017/01/02:19:16:23 1138781576 2999 2614 2922 25299
2017/01/02:20:16:23 1138781576 2999 2614 2922 32207
2017/01/29:12:14:21 1138781576 2999 1500 2500 80343
2017/01/29:12:14:24 1138781576 2999 1500 2500 80343
2017/01/29:12:51:42 1138781576 2999 1500 2500 79321
2017/01/29:12:51:45 1138781576 2999 1500 2500 79321
