Time: ISBN: Retail-Price: Lowest-New-Price: Lowest-Used-Price: Sales-Rank 
2016/02/10:15:17:36 1446295435 2375 1994 2259 102953
2016/02/10:17:04:32 1446295435 2375 1994 2259 105847
2016/02/10:18:29:20 1446295435 2375 1994 2259 105949
2016/02/10:22:28:11 1446295435 2375 1994 2259 117120
2016/02/11:07:46:16 1446295435 2375 1994 2259 144542
2016/02/11:09:36:31 1446295435 2375 1994 2259 160445
2016/02/11:10:03:11 1446295435 2375 1994 2259 160445
2016/02/11:11:53:45 1446295435 2375 1994 2259 159362
2016/02/11:12:03:10 1446295435 2375 1994 2259 159362
2016/02/11:12:09:54 1446295435 2375 1994 2259 159362
2016/02/11:12:54:37 1446295435 2375 1994 2259 160331
2016/02/11:14:07:50 1446295435 2375 1994 2259 160331
2016/02/11:15:27:07 1446295435 2375 1994 2259 161973
2016/02/11:17:13:09 1446295435 2375 1994 2259 166556
2016/02/11:19:01:30 1446295435 2375 1994 2259 166642
2016/02/11:22:06:38 1446295435 2375 1994 2259 177501
2016/02/12:07:33:36 1446295435 2375 1994 2259 202690
2016/02/12:09:22:52 1446295435 2375 1994 2259 211460
2016/02/13:12:45:38 1446295435 2375 1994 2259 41244
2016/02/13:13:29:00 1446295435 2375 1994 2259 43840
2016/02/13:13:37:16 1446295435 2375 1994 2259 43840
2016/02/13:15:22:43 1446295435 2375 1994 2259 50033
2016/02/18:17:20:20 1446295435 2375 2058 2259 154011
2016/02/18:18:06:29 1446295435 2375 2058 2259 154011
2016/02/18:19:14:18 1446295435 2375 2058 2259 154115
2016/02/18:20:42:59 1446295435 2375 2058 2259 154790
2016/02/18:21:45:04 1446295435 2375 2058 2259 165013
2016/02/18:22:42:41 1446295435 2375 2058 2259 165156
2016/02/19:07:50:58 1446295435 2375 2058 2259 46281
2016/02/19:09:36:54 1446295435 2375 2058 2259 57760
2016/02/19:11:28:15 1446295435 2375 2058 2259 57755
2016/02/19:13:05:37 1446295435 2375 2058 2259 59961
2016/02/19:15:02:32 1446295435 2375 2058 2259 59961
2016/02/19:16:52:21 1446295435 2375 2058 2259 64332
2016/02/19:17:24:50 1446295435 2375 2058 2259 72805
2016/02/19:17:41:17 1446295435 2375 2058 2259 72805
2016/02/19:19:30:44 1446295435 2375 2058 2259 72805
2016/02/19:20:27:48 1446295435 2375 2058 2259 72991
2016/02/19:22:13:23 1446295435 2375 2058 2259 87038
2016/02/20:02:01:59 1446295435 2375 2058 2259 95491
2016/02/20:06:09:33 1446295435 2375 2058 2259 118229
2016/02/20:09:18:13 1446295435 2375 2058 2259 33973
2016/02/20:10:35:36 1446295435 2375 2058 2259 33976
2016/02/20:11:14:54 1446295435 2375 2058 2259 36614
2016/02/20:12:08:00 1446295435 2375 2058 2259 36614
2016/02/20:13:06:01 1446295435 2375 2058 2259 36614
2016/02/20:14:27:32 1446295435 2375 2058 2259 38815
2016/02/20:15:38:33 1446295435 2375 2058 2259 43457
2016/02/20:16:52:53 1446295435 2375 2058 2259 43485
2016/02/20:18:47:50 1446295435 2375 2058 2259 52439
2016/02/20:19:39:25 1446295435 2375 2058 2259 53243
2016/02/20:21:20:23 1446295435 2375 2058 2259 53243
2016/02/20:21:43:58 1446295435 2375 2058 2259 68483
2016/02/21:02:24:58 1446295435 2375 2058 2259 89549
2016/02/21:09:45:32 1446295435 2375 2058 2259 111822
2016/02/21:10:52:45 1446295435 2375 2058 2259 111822
2016/02/21:11:43:45 1446295435 2375 2058 2259 111822
2016/02/21:14:13:45 1446295435 2375 2058 2259 110083
2016/02/21:14:59:16 1446295435 2375 2058 2259 109856
2016/02/21:17:20:53 1446295435 2375 2058 2259 114358
2016/02/21:17:44:55 1446295435 2375 2058 2259 114358
2016/02/21:18:15:23 1446295435 2375 2058 2259 114404
2016/02/21:20:15:04 1446295435 2375 2058 2259 112257
2016/02/21:22:02:37 1446295435 2375 2058 2259 121523
2016/02/21:22:26:55 1446295435 2375 2058 2259 121523
2016/02/21:23:37:38 1446295435 2375 2058 2259 119206
2016/02/22:07:49:18 1446295435 2375 2058 2259 150176
2016/02/22:09:52:48 1446295435 2375 2058 2259 148815
2016/02/22:11:03:55 1446295435 2375 2058 2259 152481
2016/02/22:12:01:38 1446295435 2375 2058 2259 152481
2016/02/22:15:22:10 1446295435 2375 2058 2259 154008
2016/02/22:16:44:52 1446295435 2375 2058 2259 154057
2016/02/23:09:33:00 1446295435 2375 2058 2259 92988
2016/02/23:10:59:19 1446295435 2375 2058 2259 102724
2016/02/23:12:02:12 1446295435 2375 2058 2058 101448
2016/02/23:13:52:44 1446295435 2375 2058 2058 101364
2016/02/23:15:08:16 1446295435 2375 2058 2011 101900
2016/02/23:16:07:02 1446295435 2375 2058 2011 101900
2016/02/23:17:27:40 1446295435 2375 2058 2011 106197
2016/02/24:09:16:43 1446295435 2375 2058 2011 148930
2016/02/24:11:15:08 1446295435 2375 2058 2011 152096
2016/02/24:11:19:26 1446295435 2375 2058 2011 152096
2016/02/24:13:09:41 1446295435 2375 2058 2011 152250
2016/02/24:14:14:01 1446295435 2375 2058 2011 152050
2016/02/24:16:49:23 1446295435 2375 2058 2011 152264
2016/02/24:19:42:17 1446295435 2375 2058 2011 25732
2016/02/24:21:10:44 1446295435 2375 2058 2011 52066
2016/02/24:22:43:44 1446295435 2375 2058 2011 52066
2016/02/24:23:06:35 1446295435 2375 2058 2011 52606
2016/02/25:08:07:11 1446295435 2375 2058 2011 32280
2016/02/25:09:00:41 1446295435 2375 2058 2011 32280
2016/02/25:10:10:45 1446295435 2375 2058 2011 34676
2016/02/25:11:35:53 1446295435 2375 2058 2011 36921
2016/02/25:15:20:44 1446295435 2375 2058 2011 45438
2016/02/25:16:53:09 1446295435 2375 2058 2011 45438
2016/02/25:19:02:59 1446295435 2375 2058 2011 56333
2016/02/25:21:35:30 1446295435 2375 2058 2011 56837
2016/02/25:22:32:37 1446295435 2375 2058 2011 73900
2016/02/26:07:32:00 1446295435 2375 2058 2011 114232
2016/02/26:08:48:52 1446295435 2375 2058 2011 114851
2016/02/26:09:51:21 1446295435 2375 2058 2011 112507
2016/02/26:10:52:35 1446295435 2375 2058 2011 112507
2016/02/26:13:21:04 1446295435 2375 2058 2011 111655
2016/02/26:15:29:37 1446295435 2375 2058 2011 114783
2016/02/26:19:53:47 1446295435 2375 2058 2011 118078
2016/02/26:22:49:15 1446295435 2375 2058 2011 128594
2016/02/26:23:51:47 1446295435 2375 2058 2011 128594
2016/02/27:08:09:32 1446295435 2375 2058 2011 145758
2016/02/27:09:40:38 1446295435 2375 2058 2011 148874
2016/02/27:10:41:05 1446295435 2375 2058 2011 149247
2016/02/27:12:20:15 1446295435 2375 2058 2011 148727
2016/02/27:14:25:37 1446295435 2375 2058 2011 148971
2016/02/27:16:32:34 1446295435 2375 2058 2011 149358
2016/02/27:17:07:54 1446295435 2375 2058 2011 149386
2016/02/27:17:49:38 1446295435 2375 2058 2011 149386
2016/02/27:19:43:44 1446295435 2375 2058 2011 153669
2016/02/27:23:56:25 1446295435 2375 2058 2011 168898
2016/02/28:00:28:09 1446295435 2375 2058 2011 169389
2016/02/28:03:42:34 1446295435 2375 2058 2011 181514
2016/02/28:10:27:08 1446295435 2375 2058 2011 188863
2016/02/28:11:14:59 1446295435 2375 2058 2011 189273
2016/02/28:13:18:00 1446295435 2375 2058 2011 187096
2016/02/28:17:22:26 1446295435 2375 2058 2011 184786
2016/02/28:19:34:14 1446295435 2375 2058 2011 188639
2016/02/28:20:49:07 1446295435 2375 2058 2011 188834
2016/02/28:22:20:38 1446295435 2375 2058 2011 195542
2016/02/28:23:00:29 1446295435 2375 2058 2011 195746
2016/02/29:09:26:32 1446295435 2375 2058 2011 64102
2016/02/29:10:34:32 1446295435 2375 2058 2011 64720
2016/02/29:11:56:21 1446295435 2375 2058 2011 64720
2016/02/29:12:25:23 1446295435 2375 2058 2011 69283
2016/02/29:12:44:41 1446295435 2375 2058 2011 69283
2016/02/29:13:48:25 1446295435 2375 2058 2011 69315
2016/02/29:15:24:43 1446295435 2375 2058 2011 70688
2016/02/29:15:46:08 1446295435 2375 2058 2011 75248
2016/02/29:16:20:44 1446295435 2375 2058 2011 75248
2016/03/01:02:14:35 1446295435 2375 2058 2011 46220
2016/03/01:09:30:56 1446295435 2375 2058 2011 75223
2016/03/01:11:55:21 1446295435 2375 2058 2011 78116
2016/03/01:14:52:36 1446295435 2375 2058 2011 77124
2016/03/01:15:18:06 1446295435 2375 2058 2011 77124
2016/03/01:18:41:32 1446295435 2375 2058 2011 86040
2016/03/01:20:02:08 1446295435 2375 2058 2011 86105
2016/03/01:21:01:02 1446295435 2375 2058 2011 100054
2016/03/01:21:53:07 1446295435 2375 2058 2011 99060
2016/03/01:23:08:41 1446295435 2375 2058 2011 99283
2016/03/01:23:24:06 1446295435 2375 2058 2011 99283
2016/03/02:07:24:54 1446295435 2375 2058 2011 137321
2016/03/02:09:39:25 1446295435 2375 2058 2011 137560
2016/03/02:11:59:46 1446295435 2375 2058 2011 146957
2016/03/02:12:47:58 1446295435 2375 2058 2011 147325
2016/03/02:15:52:07 1446295435 2375 2058 2011 147115
2016/03/02:16:47:26 1446295435 2375 2058 2011 29056
2016/03/02:18:43:09 1446295435 2375 2058 2011 39109
2016/03/02:19:15:18 1446295435 2375 2058 2011 39109
2016/03/02:19:30:18 1446295435 2375 2058 2011 39109
2016/03/02:19:37:22 1446295435 2375 2058 2011 39109
2016/03/02:20:32:19 1446295435 2375 2058 2011 57673
2016/03/02:21:22:14 1446295435 2375 2058 2011 57682
2016/03/02:23:05:39 1446295435 2375 2058 2011 57761
2016/03/03:09:24:41 1446295435 2375 2058 2011 96675
2016/03/03:10:20:19 1446295435 2375 2058 2011 96675
2016/03/03:10:35:27 1446295435 2375 2058 2011 105511
2016/03/03:11:36:51 1446295435 2375 2058 2011 105511
2016/03/03:12:12:53 1446295435 2375 2058 2011 105511
2016/03/03:12:36:47 1446295435 2375 2058 2011 105511
2016/03/03:12:59:20 1446295435 2375 2058 2011 105511
2016/03/03:15:11:16 1446295435 2375 2058 2011 102767
2016/03/03:17:10:10 1446295435 2375 2058 2011 104729
2016/03/03:17:44:03 1446295435 2375 2058 2011 104729
2016/03/03:18:03:22 1446295435 2375 2058 2011 104729
2016/03/03:18:30:02 1446295435 2375 2058 2011 111261
2016/03/03:19:53:07 1446295435 2375 2058 2011 111373
2016/03/03:20:39:24 1446295435 2375 2058 2011 122579
2016/03/04:07:31:14 1446295435 2375 2058 2011 30079
2016/03/04:09:09:39 1446295435 2375 2058 2011 17937
2016/03/04:09:44:36 1446295435 2375 2058 2011 17937
2016/03/04:11:05:31 1446295435 2375 2058 2011 19056
2016/03/04:11:32:54 1446295435 2375 2058 2011 19056
2016/03/04:11:51:32 1446295435 2375 2058 2011 19056
2016/03/04:13:02:38 1446295435 2375 2058 2011 19936
2016/03/04:16:22:49 1446295435 2375 2058 2011 22030
2016/03/04:17:00:36 1446295435 2375 2058 2011 26343
2016/03/04:19:24:45 1446295435 2375 2058 2011 32592
2016/03/04:20:04:07 1446295435 2375 2058 2011 32592
2016/03/04:21:11:29 1446295435 2375 2058 2011 45954
2016/03/04:22:33:37 1446295435 2375 2058 2011 45954
2016/03/04:23:28:39 1446295435 2375 2058 2011 45954
2016/03/05:08:38:43 1446295435 2375 2058 2011 62784
2016/03/05:09:54:56 1446295435 2375 2058 2011 67625
2016/03/05:10:53:09 1446295435 2375 2058 2011 65093
2016/03/05:11:48:25 1446295435 2375 2058 2011 65093
2016/03/05:12:12:49 1446295435 2375 2058 2011 65093
2016/03/05:12:33:06 1446295435 2375 2058 2011 65093
2016/03/05:12:48:56 1446295435 2375 2058 2011 65093
2016/03/05:17:34:46 1446295435 2375 2058 2011 20931
2016/03/05:19:24:16 1446295435 2375 2058 2011 20933
2016/03/05:20:13:15 1446295435 2375 2058 2011 12406
2016/03/05:21:43:51 1446295435 2375 2058 2011 17050
2016/03/05:23:04:39 1446295435 2375 2058 2011 17050
2016/03/06:03:45:00 1446295435 2375 2058 2011 25070
2016/03/06:08:31:40 1446295435 2375 2058 2011 17298
2016/03/06:09:35:30 1446295435 2375 2058 2011 19216
2016/03/06:10:27:55 1446295435 2375 2058 2011 19216
2016/03/06:11:23:02 1446295435 2375 2058 2011 19772
2016/03/06:13:29:17 1446295435 2375 2058 2011 19772
2016/03/06:14:24:01 1446295435 2375 2058 2011 21286
2016/03/06:14:39:03 1446295435 2375 2058 2011 21286
2016/03/06:15:46:37 1446295435 2375 2058 2011 23079
2016/03/06:16:29:47 1446295435 2375 2058 2011 23079
2016/03/06:17:44:13 1446295435 2375 2058 2011 29037
2016/03/06:20:41:29 1446295435 2375 2058 2011 27633
2016/03/06:22:26:39 1446295435 2375 2058 2011 38492
2016/03/06:22:50:30 1446295435 2375 2058 2011 38492
2016/03/06:23:02:11 1446295435 2375 2058 2011 38492
2016/03/07:07:31:25 1446295435 2375 2058 2011 32651
2016/03/07:09:22:00 1446295435 2375 2058 2011 32054
2016/03/07:10:46:11 1446295435 2375 2058 2011 31522
2016/03/07:11:24:42 1446295435 2375 2058 2011 31529
2016/03/07:12:28:54 1446295435 2375 2058 2011 33768
2016/03/07:13:54:47 1446295435 2375 2058 2011 36733
2016/03/07:15:23:58 1446295435 2375 2058 2011 36733
2016/03/07:16:13:36 1446295435 2375 2058 2011 44152
2016/03/07:16:51:04 1446295435 2375 2058 2011 44207
2016/03/07:19:03:34 1446295435 2375 2058 2011 43707
2016/03/07:22:35:24 1446295435 2375 2058 2011 20031
2016/03/07:23:42:30 1446295435 2375 2058 2011 20031
2016/03/08:07:36:45 1446295435 2375 2058 2011 40579
2016/03/08:08:59:25 1446295435 2375 2058 2011 39481
2016/03/08:11:49:48 1446295435 2375 2058 2011 42366
2016/03/08:13:06:56 1446295435 2375 2058 2011 42366
2016/03/08:14:34:22 1446295435 2375 2058 2011 44551
2016/03/08:17:09:42 1446295435 2375 2058 2011 51991
2016/03/08:19:36:51 1446295435 2375 2058 2011 51991
2016/03/09:07:41:09 1446295435 2375 2058 2011 106464
2016/03/09:09:51:31 1446295435 2375 2058 2011 103039
2016/03/09:10:47:02 1446295435 2375 2058 2011 104317
2016/03/09:14:56:55 1446295435 2375 2058 2011 101166
2016/03/09:15:47:56 1446295435 2375 2058 2011 101166
2016/03/09:18:36:06 1446295435 2375 2058 2011 101739
2016/03/09:19:53:28 1446295435 2375 2058 2011 101830
2016/03/09:20:21:25 1446295435 2375 2058 2011 26445
2016/03/09:21:09:58 1446295435 2375 2058 2011 26445
2016/03/09:22:27:05 1446295435 2375 2058 2011 26445
2016/03/09:22:39:01 1446295435 2375 2058 2011 27479
2016/03/09:23:19:06 1446295435 2375 2058 2011 27479
2016/03/09:23:40:18 1446295435 2375 2058 2011 27479
2016/03/10:04:58:00 1446295435 2375 2058 2011 61704
2016/03/10:07:45:02 1446295435 2375 2058 2011 60143
2016/03/10:09:31:27 1446295435 2375 2058 2011 68490
2016/03/10:10:37:46 1446295435 2375 2058 2011 68490
2016/03/10:11:01:23 1446295435 2375 2058 2011 67496
2016/03/10:11:52:09 1446295435 2375 2058 2011 67496
2016/03/10:12:19:38 1446295435 2375 2058 2011 67495
2016/03/10:13:45:13 1446295435 2375 2058 2011 65308
2016/03/10:13:58:24 1446295435 2375 2058 2011 65308
2016/03/10:15:24:20 1446295435 2375 2058 2011 65494
2016/03/10:16:33:32 1446295435 2375 2058 2011 70011
2016/03/10:19:10:47 1446295435 2375 2058 2011 78047
2016/03/10:20:14:21 1446295435 2375 2058 2011 78312
2016/03/10:22:49:25 1446295435 2375 2058 2011 91289
2016/03/11:07:42:14 1446295435 2375 2058 2011 119862
2016/03/11:09:43:16 1446295435 2375 2058 2011 127715
2016/03/11:13:35:19 1446295435 2375 2058 2011 125196
2016/03/11:15:42:40 1446295435 2375 2058 2011 126124
2016/03/11:16:41:31 1446295435 2375 2058 2011 126169
2016/03/11:17:22:54 1446295435 2375 2058 2011 129952
2016/03/11:19:29:30 1446295435 2375 2058 2011 129989
2016/03/11:22:41:43 1446295435 2375 2058 2011 134862
2016/03/12:10:31:01 1446295435 2375 2058 2011 149960
2016/03/12:12:05:39 1446295435 2375 2058 2011 147550
2016/03/12:13:41:10 1446295435 2375 2058 2011 146734
2016/03/12:18:47:33 1446295435 2375 2058 2011 152591
2016/03/13:09:22:44 1446295435 2375 2058 2011 176831
2016/03/13:11:07:29 1446295435 2375 2058 2011 176190
2016/03/13:16:15:12 1446295435 2375 2058 2011 171615
2016/03/13:18:09:03 1446295435 2375 2058 2011 172751
2016/03/13:19:39:29 1446295435 2375 2058 2011 172793
2016/03/13:22:37:52 1446295435 2375 2058 2011 179137
2016/03/14:07:41:54 1446295435 2375 2058 2011 184759
2016/03/14:08:53:01 1446295435 2375 2058 2011 195514
2016/03/14:09:31:08 1446295435 2375 2058 2011 195514
2016/03/14:10:07:38 1446295435 2375 2058 2011 195514
2016/03/15:14:33:38 1446295435 2375 2058 2011 218304
2016/03/15:17:16:41 1446295435 2375 2058 2011 224261
2016/03/15:18:34:38 1446295435 2375 2058 2011 224375
2016/03/15:19:58:44 1446295435 2375 2058 2011 223125
2016/03/15:20:33:26 1446295435 2375 2058 2011 223125
2016/03/15:22:28:30 1446295435 2375 2058 2011 231423
2016/03/16:00:19:32 1446295435 2375 2058 2011 238604
2016/03/16:07:57:21 1446295435 2375 2058 2011 247787
2016/03/16:09:04:18 1446295435 2375 2058 2011 244872
2016/03/16:21:23:46 1446295435 2375 2058 2011 238615
2016/03/16:23:11:03 1446295435 2375 2058 2011 245843
2016/03/17:07:16:41 1446295435 2375 2058 2011 257562
2016/03/17:08:43:24 1446295435 2375 2058 2011 257562
2016/03/17:13:32:39 1446295435 2375 2058 2011 256649
2016/03/17:14:23:02 1446295435 2375 2058 2011 253031
2016/03/17:15:48:37 1446295435 2375 2058 2011 253264
2016/03/17:17:07:16 1446295435 2375 2058 2011 252046
2016/03/17:18:09:14 1446295435 2375 2058 2011 252935
2016/03/17:22:12:57 1446295435 2375 2058 2011 253251
2016/03/18:07:28:01 1446295435 2375 2058 2011 65538
2016/03/18:08:40:11 1446295435 2375 2058 2011 67197
2016/03/18:13:31:35 1446295435 2375 2058 2011 73091
2016/03/19:00:24:11 1446295435 2375 2058 2011 113599
2016/03/19:10:28:16 1446295435 2375 2058 2011 137545
2016/03/19:12:02:47 1446295435 2375 2058 2011 137930
2016/03/19:12:55:08 1446295435 2375 2058 2011 138180
2016/03/19:14:13:44 1446295435 2375 2058 2011 138652
2016/03/19:20:48:24 1446295435 2375 2058 2011 156543
2016/03/19:23:26:10 1446295435 2375 2058 2011 156696
2016/03/20:07:58:03 1446295435 2375 2058 2011 180607
2016/03/20:09:39:00 1446295435 2375 2058 2011 180607
2016/03/20:11:59:23 1446295435 2375 2058 2011 181290
2016/03/20:13:29:11 1446295435 2375 2058 2011 178514
2016/03/20:14:26:45 1446295435 2375 2058 2011 178514
2016/03/20:17:49:57 1446295435 2375 2058 2011 179433
2016/03/20:19:49:09 1446295435 2375 2058 2011 179449
2016/03/20:21:37:18 1446295435 2375 2058 2011 182874
2016/03/21:07:59:07 1446295435 2375 2058 2011 207547
2016/03/21:09:09:06 1446295435 2375 2058 2011 207547
2016/03/21:09:59:54 1446295435 2375 2058 2011 207547
2016/03/21:17:45:04 1446295435 2375 2058 2011 214225
2016/03/21:19:05:05 1446295435 2375 2058 2011 214265
2016/03/21:22:51:49 1446295435 2375 2058 2011 222848
2016/03/22:09:58:15 1446295435 2375 2058 2011 243898
2016/03/22:10:48:59 1446295435 2375 2058 2011 243898
2016/03/22:11:48:43 1446295435 2375 2058 2011 244345
2016/03/23:07:41:25 1446295435 2375 2058 2011 90107
2016/03/23:09:08:37 1446295435 2375 2058 2011 90624
2016/03/23:12:52:49 1446295435 2375 2058 2011 101233
2016/03/23:13:51:24 1446295435 2375 2058 2011 101233
2016/03/23:17:32:50 1446295435 2375 2058 2011 106162
2016/03/23:18:44:00 1446295435 2375 2058 2011 112930
2016/03/23:19:52:38 1446295435 2375 2058 2011 113041
2016/03/23:21:05:26 1446295435 2375 2058 2011 113041
2016/03/23:21:54:01 1446295435 2375 2058 2011 123965
2016/03/23:22:50:44 1446295435 2375 2058 2011 123965
2016/03/24:07:37:58 1446295435 2375 2058 2011 50266
2016/03/24:09:46:21 1446295435 2375 2058 2011 51070
2016/03/24:10:50:50 1446295435 2375 2058 2011 54198
2016/03/24:12:01:25 1446295435 2375 2058 2011 54284
2016/03/24:13:45:48 1446295435 2375 2058 2011 55260
2016/03/24:14:55:49 1446295435 2375 2058 2011 61848
2016/03/24:16:40:42 1446295435 2375 2058 2011 61931
2016/03/24:18:27:09 1446295435 2375 2058 2011 70762
2016/03/24:20:37:12 1446295435 2375 2058 2011 77856
2016/03/24:22:40:19 1446295435 2375 2058 2011 80920
2016/03/25:07:31:40 1446295435 2375 2058 2011 119610
2016/03/25:09:06:56 1446295435 2375 2058 2011 127432
2016/03/25:21:33:23 1446295435 2375 2058 2011 29176
2016/03/26:09:49:47 1446295435 2375 2058 2011 66588
2016/03/26:13:07:30 1446295435 2375 2058 2011 70934
2016/03/26:17:44:15 1446295435 2375 2058 2011 76308
2016/03/26:20:14:50 1446295435 2375 2058 2011 82723
2016/03/27:13:37:14 1446295435 2375 2058 2011 119901
2016/03/28:18:18:02 1446295435 2375 2058 2011 157627
2016/03/28:20:08:05 1446295435 2375 2058 2011 162595
2016/03/28:21:12:00 1446295435 2375 2058 2011 162595
2016/03/29:06:22:54 1446295435 2375 2058 2011 185834
2016/03/29:07:30:32 1446295435 2375 2058 2011 185834
2016/03/29:10:38:56 1446295435 2375 2058 2011 190226
2016/03/29:14:55:47 1446295435 2375 2058 2011 190871
2016/03/29:16:10:45 1446295435 2375 2058 2011 191645
2016/03/29:19:06:28 1446295435 2375 2058 2011 196712
2016/03/29:21:28:35 1446295435 2375 2058 2011 202991
2016/03/30:08:57:53 1446295435 2375 2058 2011 231441
2016/03/30:13:11:50 1446295435 2375 2058 2011 229679
2016/03/30:15:36:39 1446295435 2375 2058 2011 228673
2016/03/30:16:19:26 1446295435 2375 2058 2011 228673
2016/03/30:18:37:47 1446295435 2375 2058 2011 233271
2016/03/30:20:46:32 1446295435 2375 2058 2011 239511
2016/03/31:06:44:38 1446295435 2375 2058 2011 252052
2016/03/31:08:29:51 1446295435 2375 2058 2011 259823
2016/03/31:09:18:03 1446295435 2375 2058 2011 259823
2016/03/31:12:17:58 1446295435 2375 2058 2011 259588
2016/03/31:13:24:18 1446295435 2375 2058 2011 261060
2016/03/31:14:14:28 1446295435 2375 2058 2011 261060
2016/03/31:16:08:56 1446295435 2375 2058 2011 263656
2016/03/31:20:55:28 1446295435 2375 2058 2011 269562
2016/04/01:07:05:21 1446295435 2375 2058 2011 278870
2016/04/01:08:16:06 1446295435 2375 2058 2011 278870
2016/04/01:09:05:40 1446295435 2375 2058 2011 278098
2016/04/01:16:08:54 1446295435 2375 2058 2011 280244
2016/04/01:17:15:40 1446295435 2375 2058 2011 280243
2016/04/01:18:14:38 1446295435 2375 2058 2011 283108
2016/04/01:19:12:44 1446295435 2375 2058 2011 283108
2016/04/01:21:04:39 1446295435 2375 2058 2011 285424
2016/04/01:22:15:17 1446295435 2375 2058 2011 285424
2016/04/02:07:51:31 1446295435 2375 2058 2011 74815
2016/04/02:09:03:30 1446295435 2375 2058 2011 74999
2016/04/02:19:43:09 1446295435 2375 2058 2011 102263
2016/04/02:22:11:31 1446295435 2375 2058 2011 26238
2016/04/03:08:40:08 1446295435 2375 2058 2011 27483
2016/04/03:09:34:20 1446295435 2375 2058 2011 27485
2016/04/04:19:29:25 1446295435 2375 2058 2011 29126
2016/04/04:22:10:20 1446295435 2375 2058 2011 39397
2016/04/05:06:40:40 1446295435 2375 2058 2011 75882
2016/04/05:14:50:38 1446295435 2375 2058 2011 75606
2016/04/05:15:43:10 1446295435 2375 2058 2011 79073
2016/04/05:21:21:28 1446295435 2375 2058 2011 92659
2016/04/06:06:38:30 1446295435 2375 2058 2011 130042
2016/04/06:10:25:07 1446295435 2375 2058 2011 133421
2016/04/06:14:11:19 1446295435 2375 2058 2011 136769
2016/04/06:22:34:45 1446295435 2375 2058 2011 160464
2016/04/07:06:57:48 1446295435 2375 2058 2011 176233
2016/04/07:17:04:01 1446295435 2375 2058 2011 179003
2016/04/07:18:20:46 1446295435 2375 2058 2011 183746
2016/04/08:10:05:06 1446295435 2375 2058 2011 212576
2016/04/09:07:35:59 1446295435 2375 2058 2011 237670
2016/04/10:06:42:10 1446295435 2375 2058 2011 255269
2016/04/10:08:14:12 1446295435 2375 2058 2011 254073
2016/04/10:09:51:02 1446295435 2375 2058 2011 254074
2016/04/10:10:25:30 1446295435 2375 2058 2011 251330
2016/04/10:11:02:54 1446295435 2375 2058 2011 251330
2016/04/10:15:52:10 1446295435 2375 2058 2011 248417
2016/04/10:21:20:58 1446295435 2375 2058 2011 250328
2016/04/11:00:38:46 1446295435 2375 2058 2011 253736
2016/04/11:06:26:26 1446295435 2375 2058 2011 263305
2016/04/11:08:27:11 1446295435 2375 2058 2011 262049
2016/04/11:12:39:54 1446295435 2375 2058 2011 262030
2016/04/12:06:48:29 1446295435 2375 2058 2011 107931
2016/04/12:07:50:26 1446295435 2375 2058 2011 107931
2016/04/12:09:10:07 1446295435 2375 2058 2011 109224
2016/04/12:12:47:01 1446295435 2375 2058 2011 110720
2016/04/12:21:17:27 1446295435 2375 2058 2011 142410
2016/04/13:07:56:14 1446295435 2375 2058 2011 168807
2016/04/13:11:10:30 1446295435 2375 2058 2011 168375
2016/04/13:14:50:08 1446295435 2375 2058 2011 171613
2016/04/13:15:42:08 1446295435 2375 2058 2011 171637
2016/04/13:19:56:41 1446295435 2375 2058 2011 30150
2016/04/14:06:29:00 1446295435 2375 2058 2011 80769
2016/04/14:08:18:24 1446295435 2375 2058 2011 81005
2016/04/14:09:10:50 1446295435 2375 2058 2011 82026
2016/04/15:11:40:16 1446295435 2375 2058 2011 144275
2016/04/17:18:51:16 1446295435 2375 2058 2011 29968
2016/04/17:21:34:41 1446295435 2375 2058 2011 8746
2016/04/18:07:46:02 1446295435 2375 2058 2011 15991
2016/04/18:09:08:54 1446295435 2375 2058 2011 16900
2016/11/27:12:04:34 1446295435 2465 2018 2085 247282
2016/12/22:10:09:15 1446295435 2486 2067 2085 299164
2016/12/22:12:04:36 1446295435 2486 2067 2085 296730
2016/12/24:17:42:35 1446295435 2486 2067 2085 152034
2016/12/24:20:11:23 1446295435 2486 2067 2085 156780
2016/12/24:23:02:22 1446295435 2486 2067 2085 160703
2016/12/25:11:15:00 1446295435 2486 2067 2085 166036
2016/12/25:20:43:54 1446295435 2486 2067 2085 172931
2016/12/26:14:54:50 1446295435 2486 2067 2085 184722
2016/12/26:15:37:26 1446295435 2486 2067 2085 184722
2016/12/26:16:37:28 1446295435 2486 2067 2085 24258
2016/12/26:18:37:20 1446295435 2486 2067 2085 29913
2016/12/26:23:07:23 1446295435 2486 2067 2085 56623
2016/12/27:00:07:27 1446295435 2486 2067 2085 62001
2016/12/27:01:07:22 1446295435 2486 1975 2085 62001
2016/12/27:02:07:22 1446295435 2486 1975 2085 70846
2016/12/27:03:07:24 1446295435 2486 1975 2085 74642
2016/12/27:04:07:24 1446295435 2486 1975 2085 74642
2016/12/27:05:07:25 1446295435 2486 1975 2085 78387
2016/12/27:07:07:24 1446295435 2486 1975 2085 79664
2016/12/27:08:07:27 1446295435 2486 1974 2085 80937
2016/12/27:09:07:26 1446295435 2486 1974 2085 81741
2016/12/27:10:07:25 1446295435 2486 1974 2085 81741
2016/12/27:11:07:23 1446295435 2486 1974 2085 83451
2016/12/27:12:07:25 1446295435 2486 1974 2085 85650
2016/12/27:13:07:23 1446295435 2486 1974 2085 85650
2016/12/27:14:07:25 1446295435 2486 1974 2085 92687
2016/12/27:16:07:24 1446295435 2486 1974 2085 97228
2016/12/27:17:07:26 1446295435 2486 1974 2085 105266
2016/12/27:18:07:21 1446295435 2486 1974 2085 105266
2016/12/27:20:07:22 1446295435 2486 1974 2085 117001
2016/12/27:21:07:24 1446295435 2486 1974 2085 121192
2016/12/27:22:07:28 1446295435 2486 1974 2085 121192
2016/12/27:23:07:22 1446295435 2486 1974 2085 128465
2016/12/28:01:07:23 1446295435 2486 1974 2085 132341
2016/12/28:02:07:20 1446295435 2486 1974 2085 138907
2016/12/28:04:07:22 1446295435 2486 1974 2085 141100
2016/12/28:05:07:18 1446295435 2486 1974 2085 142999
2016/12/28:06:07:21 1446295435 2486 1974 2085 143109
2016/12/28:08:07:20 1446295435 2486 1974 2085 143250
2016/12/28:10:07:20 1446295435 2486 1974 2085 143083
2016/12/28:12:07:19 1446295435 2486 1974 2085 145132
2016/12/28:14:07:20 1446295435 2486 1974 2085 150687
2016/12/28:17:07:21 1446295435 2486 1974 2085 161359
2016/12/28:18:07:19 1446295435 2486 1974 2085 161359
2016/12/28:19:07:22 1446295435 2486 1974 2085 161359
2016/12/28:21:07:19 1446295435 2486 1974 2085 175468
2016/12/28:22:07:17 1446295435 2486 1974 2085 175468
2016/12/29:00:07:19 1446295435 2486 1974 2085 185858
2016/12/29:01:07:20 1446295435 2486 1974 2085 185858
2016/12/29:02:07:19 1446295435 2486 1974 2085 192223
2016/12/29:03:07:21 1446295435 2486 1974 2085 194620
2016/12/29:04:07:22 1446295435 2486 1974 2085 194620
2016/12/29:05:07:18 1446295435 2486 1974 2085 196839
2016/12/29:06:07:18 1446295435 2486 1974 2085 197522
2016/12/29:07:07:20 1446295435 2486 1974 2085 197522
2016/12/29:08:07:21 1446295435 2486 1974 2085 198089
2016/12/29:10:07:20 1446295435 2486 1974 2085 198271
2016/12/29:11:07:21 1446295435 2486 1974 2085 199097
2016/12/29:12:07:20 1446295435 2486 1974 2085 200009
2016/12/29:14:07:21 1446295435 2486 1974 2085 204347
2016/12/29:15:07:28 1446295435 2486 1974 2085 207144
2016/12/29:16:07:24 1446295435 2486 1974 2085 207144
2016/12/29:17:07:23 1446295435 2486 1974 2085 212653
2016/12/29:18:07:24 1446295435 2486 1974 2085 214910
2016/12/29:19:07:18 1446295435 2486 1974 2085 214910
2016/12/29:20:07:21 1446295435 2486 1974 2085 220138
2016/12/29:21:07:16 1446295435 2486 1974 2085 222581
2016/12/29:22:07:24 1446295435 2486 1974 2085 222581
2016/12/29:23:07:24 1446295435 2486 1974 2085 227343
2016/12/30:00:07:19 1446295435 2486 1974 2085 229594
2016/12/30:01:07:22 1446295435 2486 1974 2085 229594
2016/12/30:02:07:21 1446295435 2486 1974 2085 233942
2016/12/30:04:07:22 1446295435 2486 1974 2085 234899
2016/12/30:05:07:18 1446295435 2486 1974 2085 235782
2016/12/30:06:07:21 1446295435 2486 1974 2085 235034
2016/12/30:08:07:23 1446295435 2486 1974 2085 234300
2016/12/30:10:07:28 1446295435 2486 1974 2085 233283
2016/12/30:11:07:20 1446295435 2486 1974 2085 232920
2016/12/30:12:07:21 1446295435 2486 1974 2085 232818
2016/12/30:13:07:18 1446295435 2486 1974 2085 232818
2016/12/30:14:07:35 1446295435 2486 1974 2085 236155
2016/12/30:16:07:26 1446295435 2486 1974 2085 238208
2016/12/30:17:07:23 1446295435 2486 1974 2085 29892
2016/12/30:18:07:22 1446295435 2486 1974 2085 36013
2016/12/30:19:07:31 1446295435 2486 1974 2085 36013
2016/12/30:20:07:19 1446295435 2486 1974 2085 49350
2016/12/30:21:07:20 1446295435 2486 1974 2085 56226
2016/12/30:22:07:23 1446295435 2486 1974 2085 56226
2016/12/30:23:07:19 1446295435 2486 1974 2085 67154
2016/12/31:00:07:19 1446295435 2486 1974 2085 72895
2016/12/31:01:07:20 1446295435 2486 1974 2085 72895
2016/12/31:02:07:20 1446295435 2486 1974 2085 82248
2016/12/31:03:07:18 1446295435 2486 1974 2085 85866
2016/12/31:04:07:20 1446295435 2486 1974 2085 85866
2016/12/31:05:07:19 1446295435 2486 1974 2085 89546
2016/12/31:06:07:21 1446295435 2486 1974 2085 90869
2016/12/31:07:07:22 1446295435 2486 1974 2085 90869
2016/12/31:08:07:22 1446295435 2486 1974 2085 91927
2016/12/31:09:07:22 1446295435 2486 1974 2085 92740
2016/12/31:10:07:24 1446295435 2486 1974 2085 92740
2016/12/31:11:07:18 1446295435 2486 1974 2085 94360
2016/12/31:12:07:19 1446295435 2486 1974 2085 96178
2016/12/31:13:07:20 1446295435 2486 1974 2085 96178
2016/12/31:14:07:19 1446295435 2486 1974 2085 101909
2016/12/31:15:07:39 1446295435 2486 1974 2085 105735
2016/12/31:16:07:23 1446295435 2486 1974 2085 105735
2016/12/31:17:07:22 1446295435 2486 1974 2085 112901
2016/12/31:18:07:25 1446295435 2486 1974 2085 116828
2016/12/31:20:07:20 1446295435 2486 1974 2085 123733
2017/01/01:20:07:18 1446295435 2486 1974 2085 161613
2017/01/01:21:07:21 1446295435 2486 1974 2085 165443
2017/01/01:22:07:20 1446295435 2486 1974 2085 165443
2017/01/01:23:07:17 1446295435 2486 1974 2085 172139
2017/01/02:00:07:22 1446295435 2486 1974 2085 175640
2017/01/02:01:07:22 1446295435 2486 1974 2085 175640
2017/01/02:02:07:21 1446295435 2486 1974 2085 181600
2017/01/02:03:07:19 1446295435 2486 1974 2085 184006
2017/01/02:04:07:22 1446295435 2486 1974 2085 184006
2017/01/02:05:07:22 1446295435 2486 1974 2085 186462
2017/01/02:06:07:20 1446295435 2486 1974 2085 187090
2017/01/02:07:07:21 1446295435 2486 1974 2085 187090
2017/01/02:08:07:21 1446295435 2486 1974 2085 187613
2017/01/02:09:07:22 1446295435 2486 1974 2085 187727
2017/01/02:10:07:23 1446295435 2486 1974 2085 187727
2017/01/02:11:07:24 1446295435 2486 1974 2085 188459
2017/01/02:12:07:19 1446295435 2486 1974 2085 189390
2017/01/02:16:07:17 1446295435 2486 1974 2085 197280
2017/01/02:17:07:14 1446295435 2486 1974 2085 203321
2017/01/02:18:07:18 1446295435 2486 1974 2085 206000
2017/01/02:19:07:16 1446295435 2486 1974 2085 206000
2017/01/02:20:07:18 1446295435 2486 1974 2085 212535
2017/01/02:21:07:19 1446295435 2486 1974 2085 215746
2017/01/02:22:07:15 1446295435 2486 1974 2085 215746
2017/01/29:12:09:05 1446295435 2486 1839 2167 228456
2017/01/29:12:46:27 1446295435 2486 1839 2167 228456
