Time: ISBN: Retail-Price: Lowest-New-Price: Lowest-Used-Price: Sales-Rank 
2016/02/10:15:18:07 1446252531 2339 1883 1996 4989
2016/02/10:17:05:04 1446252531 2339 1883 1999 4318
2016/02/10:18:29:52 1446252531 2339 1883 1999 4318
2016/02/10:22:28:42 1446252531 2339 1883 1999 3574
2016/02/11:07:46:48 1446252531 2339 1883 1999 2527
2016/02/11:09:37:07 1446252531 2339 1883 1999 2815
2016/02/11:10:03:42 1446252531 2339 1883 1999 2815
2016/02/11:11:54:16 1446252531 2339 1883 1999 2866
2016/02/11:12:03:41 1446252531 2339 1883 1999 2866
2016/02/11:12:10:25 1446252531 2339 1883 1999 2866
2016/02/11:12:12:35 1446252531 2339 1883 1999 2866
2016/02/11:12:55:09 1446252531 2339 1883 1999 2343
2016/02/11:12:57:18 1446252531 2339 1883 1999 2343
2016/02/11:14:08:21 1446252531 2339 1883 1999 2343
2016/02/11:14:10:31 1446252531 2339 1883 1999 2343
2016/02/11:15:27:38 1446252531 2339 1883 1998 2546
2016/02/11:15:31:20 1446252531 2339 1883 1998 2546
2016/02/11:17:13:39 1446252531 2339 1883 1601 2983
2016/02/11:17:15:49 1446252531 2339 1883 1601 2983
2016/02/11:19:02:01 1446252531 2339 1882 1999 2983
2016/02/11:19:04:11 1446252531 2339 1882 1999 2983
2016/02/11:22:07:09 1446252531 2339 1878 1999 3306
2016/02/11:22:09:25 1446252531 2339 1878 1999 3306
2016/02/12:07:34:07 1446252531 2108 1862 1999 3534
2016/02/12:07:36:16 1446252531 2108 1862 1999 3534
2016/02/12:09:23:24 1446252531 2108 1862 1999 4463
2016/02/13:12:46:09 1446252531 2108 1804 1999 4224
2016/02/13:13:29:31 1446252531 2108 1804 1999 4306
2016/02/13:13:37:48 1446252531 2108 1804 1999 4306
2016/02/13:15:23:14 1446252531 2108 1804 1999 4776
2016/02/18:17:20:51 1446252531 2108 1807 1707 3486
2016/02/18:18:07:01 1446252531 2108 1807 1707 3486
2016/02/18:19:14:49 1446252531 2108 1807 1707 3486
2016/02/18:20:43:30 1446252531 2108 1807 1707 3625
2016/02/18:21:45:34 1446252531 2108 1807 1707 4907
2016/02/18:22:43:13 1446252531 2108 1807 1707 4907
2016/02/19:07:51:29 1446252531 2108 1807 1707 4869
2016/02/19:09:37:25 1446252531 2108 1807 1707 4473
2016/02/19:11:28:46 1446252531 2086 1807 1707 4497
2016/02/19:13:06:09 1446252531 2086 1807 1707 4497
2016/02/19:15:03:04 1446252531 2086 1807 1706 4649
2016/02/19:16:52:52 1446252531 2086 1807 1706 5182
2016/02/19:17:25:21 1446252531 2086 1807 1706 5182
2016/02/19:17:41:48 1446252531 2086 1786 1706 6120
2016/02/19:19:31:15 1446252531 2086 1786 1686 6120
2016/02/19:20:28:20 1446252531 2086 1786 1686 5974
2016/02/19:22:13:54 1446252531 2086 1786 1686 5612
2016/02/20:02:02:30 1446252531 2086 1786 1686 6494
2016/02/20:06:10:04 1446252531 2086 1786 1686 7148
2016/02/20:09:18:44 1446252531 2086 1786 1686 8002
2016/02/20:10:36:07 1446252531 2086 1786 1686 8003
2016/02/20:11:15:26 1446252531 2086 1786 1686 7945
2016/02/20:12:08:32 1446252531 2086 1786 1686 7945
2016/02/20:13:06:33 1446252531 2086 1786 1686 7945
2016/02/20:14:28:03 1446252531 2086 1786 1686 7856
2016/02/20:15:39:04 1446252531 2086 1786 1686 8353
2016/02/20:16:53:24 1446252531 2086 1786 1686 8353
2016/02/20:18:48:21 1446252531 2086 1786 1686 6279
2016/02/20:19:39:56 1446252531 2086 1786 1686 6279
2016/02/20:21:20:55 1446252531 2086 1786 1686 8230
2016/02/20:21:44:30 1446252531 2086 1786 1686 8230
2016/02/21:02:25:29 1446252531 2086 1786 1686 7834
2016/02/21:09:46:04 1446252531 2086 1786 1686 7902
2016/02/21:10:53:16 1446252531 2086 1786 1686 7902
2016/02/21:11:44:16 1446252531 2086 1786 1686 7896
2016/02/21:14:14:17 1446252531 2086 1786 1686 7877
2016/02/21:14:59:48 1446252531 2086 1786 1686 7877
2016/02/21:17:21:24 1446252531 2086 1786 1999 4296
2016/02/21:17:45:27 1446252531 2086 1786 1999 4296
2016/02/21:18:15:54 1446252531 2086 1786 1999 4296
2016/02/21:20:15:35 1446252531 2086 1786 1999 4407
2016/02/21:22:03:09 1446252531 2086 1786 1999 6143
2016/02/21:22:27:26 1446252531 2086 1786 1999 6143
2016/02/21:23:38:09 1446252531 2086 1786 1999 6112
2016/02/22:07:49:49 1446252531 2086 1786 1999 4137
2016/02/22:09:53:20 1446252531 2086 1786 1999 4200
2016/02/22:11:04:26 1446252531 2086 1786 1999 3954
2016/02/22:12:02:09 1446252531 2086 1786 1999 3954
2016/02/22:15:22:41 1446252531 2086 1786 1999 4596
2016/02/22:16:45:23 1446252531 2086 1786 1999 4597
2016/02/23:09:33:31 1446252531 2086 1786 1998 4921
2016/02/23:10:59:49 1446252531 2086 1786 1997 5789
2016/02/23:12:02:44 1446252531 2108 1786 1997 5700
2016/02/23:13:53:15 1446252531 2108 1786 1997 5736
2016/02/23:15:08:48 1446252531 2108 1786 1997 5959
2016/02/23:16:07:33 1446252531 2108 1786 1997 5959
2016/02/23:17:28:11 1446252531 2108 1807 1997 5061
2016/02/24:09:17:14 1446252531 2108 1807 1997 4988
2016/02/24:11:15:40 1446252531 2108 1807 1997 5337
2016/02/24:11:19:57 1446252531 2108 1807 1997 5337
2016/02/24:13:10:13 1446252531 2108 1807 1997 5354
2016/02/24:14:14:32 1446252531 2108 1807 1997 5354
2016/02/24:16:49:54 1446252531 2108 1807 1996 5354
2016/02/24:19:42:49 1446252531 2108 1807 1996 6353
2016/02/24:21:11:15 1446252531 2108 1807 1996 3089
2016/02/24:22:44:16 1446252531 2108 1807 1996 3089
2016/02/24:23:07:07 1446252531 2108 1807 1996 3089
2016/02/25:08:07:42 1446252531 2108 1743 1995 3252
2016/02/25:09:01:12 1446252531 2108 1743 1995 3252
2016/02/25:10:11:16 1446252531 2108 1743 1994 3428
2016/02/25:11:36:24 1446252531 2108 1743 1993 3428
2016/02/25:15:21:16 1446252531 2108 1743 1993 3641
2016/02/25:16:53:40 1446252531 2108 1743 1993 3641
2016/02/25:19:03:30 1446252531 2108 1743 1991 3468
2016/02/25:21:36:01 1446252531 2108 1743 1984 4546
2016/02/25:22:33:09 1446252531 2108 1743 1984 4546
2016/02/26:07:32:32 1446252531 2108 1743 1981 4293
2016/02/26:08:49:24 1446252531 2108 1743 1981 5369
2016/02/26:09:51:52 1446252531 2108 1743 1981 5369
2016/02/26:10:53:06 1446252531 2108 1743 1981 5261
2016/02/26:13:21:36 1446252531 2108 1743 1981 2792
2016/02/26:15:30:08 1446252531 2108 1743 1981 2329
2016/02/26:19:54:18 1446252531 2108 1807 1500 3046
2016/02/26:22:49:46 1446252531 2108 1807 1500 2833
2016/02/26:23:52:18 1446252531 2108 1807 1500 2833
2016/02/27:08:10:04 1446252531 2108 1807 1500 4139
2016/02/27:09:41:10 1446252531 2108 1807 1500 4475
2016/02/27:10:41:37 1446252531 2108 1807 1500 4475
2016/02/27:12:20:47 1446252531 2108 1807 1500 4439
2016/02/27:14:26:08 1446252531 2108 1807 1500 4473
2016/02/27:16:33:06 1446252531 2108 1807 1500 4542
2016/02/27:17:08:25 1446252531 2108 1807 1977 4542
2016/02/27:17:50:09 1446252531 2108 1807 1977 4542
2016/02/27:19:44:16 1446252531 2108 1807 1977 5164
2016/02/27:23:56:57 1446252531 2108 1807 1976 7261
2016/02/28:00:28:40 1446252531 2108 1807 1976 7261
2016/02/28:03:43:06 1446252531 2108 1807 1976 5518
2016/02/28:10:27:39 1446252531 2108 1807 1976 7168
2016/02/28:11:15:31 1446252531 2108 1807 1976 7169
2016/02/28:13:18:32 1446252531 2108 1807 1976 7030
2016/02/28:17:22:57 1446252531 2108 1807 1976 8142
2016/02/28:19:34:45 1446252531 2108 1807 1976 4707
2016/02/28:20:49:38 1446252531 2108 1807 1976 4707
2016/02/28:22:21:09 1446252531 2108 1807 1976 6303
2016/02/28:23:01:01 1446252531 2108 1807 1976 6305
2016/02/29:09:27:03 1446252531 2108 1799 1976 6140
2016/02/29:10:35:03 1446252531 2108 1799 1976 6094
2016/02/29:11:56:52 1446252531 2108 1799 1976 6094
2016/02/29:12:25:54 1446252531 2108 1799 1976 6331
2016/02/29:12:45:13 1446252531 2108 1799 1976 6331
2016/02/29:13:48:56 1446252531 2108 1799 1976 6331
2016/02/29:15:25:15 1446252531 2108 1799 1976 6421
2016/02/29:15:46:40 1446252531 2108 1799 1976 7034
2016/02/29:16:21:15 1446252531 2108 1799 1976 7034
2016/03/01:02:15:07 1446252531 2108 1799 1976 8296
2016/03/01:09:31:27 1446252531 2108 1799 1976 6043
2016/03/01:11:55:52 1446252531 2108 1799 1976 6487
2016/03/01:14:53:07 1446252531 2108 1807 1976 6680
2016/03/01:15:18:37 1446252531 2108 1807 1976 6680
2016/03/01:18:42:03 1446252531 2108 1807 1976 8653
2016/03/01:20:02:39 1446252531 2108 1807 1976 8653
2016/03/01:21:01:33 1446252531 2108 1807 1976 4562
2016/03/01:21:53:38 1446252531 2108 1807 1976 4649
2016/03/01:23:09:12 1446252531 2108 1807 1976 4649
2016/03/01:23:24:43 1446252531 2108 1807 1976 4649
2016/03/02:07:25:26 1446252531 2108 1807 1976 5340
2016/03/02:09:39:56 1446252531 2108 1807 1976 5344
2016/03/02:12:00:18 1446252531 2108 1807 1976 6212
2016/03/02:12:48:29 1446252531 2108 1807 1976 6263
2016/03/02:15:52:39 1446252531 2108 1807 1976 6310
2016/03/02:16:47:58 1446252531 2108 1807 1976 4078
2016/03/02:18:43:41 1446252531 2108 1807 1976 4930
2016/03/02:19:15:52 1446252531 2108 1807 1976 4930
2016/03/02:19:30:52 1446252531 2108 1807 1976 4930
2016/03/02:19:37:55 1446252531 2108 1807 1976 4930
2016/03/02:20:32:55 1446252531 2108 1807 1976 5205
2016/03/02:21:22:46 1446252531 2108 1807 1976 5206
2016/03/02:23:06:11 1446252531 2108 1807 1977 5207
2016/03/03:09:25:12 1446252531 2108 1807 1984 5147
2016/03/03:10:20:50 1446252531 2108 1807 1984 5147
2016/03/03:10:35:59 1446252531 2108 1807 1984 5147
2016/03/03:11:37:22 1446252531 2108 1807 1984 4965
2016/03/03:12:13:24 1446252531 2108 1807 1984 4965
2016/03/03:12:37:18 1446252531 2108 1807 1984 4965
2016/03/03:12:59:51 1446252531 2108 1807 1984 4965
2016/03/03:15:11:47 1446252531 2108 1807 1984 5119
2016/03/03:17:10:42 1446252531 2108 1799 1984 4408
2016/03/03:17:44:35 1446252531 2108 1799 1965 4408
2016/03/03:18:03:53 1446252531 2108 1799 1965 4408
2016/03/03:18:30:33 1446252531 2108 1799 1965 4408
2016/03/03:19:53:39 1446252531 2108 1799 1964 3432
2016/03/03:20:39:55 1446252531 2108 1799 1964 3432
2016/03/04:07:31:45 1446252531 2339 1799 1964 3876
2016/03/04:09:10:10 1446252531 2339 1807 1964 3781
2016/03/04:09:45:07 1446252531 2339 1807 1964 3781
2016/03/04:11:06:04 1446252531 2339 1807 1964 3781
2016/03/04:11:33:26 1446252531 2339 1905 1964 3841
2016/03/04:11:52:04 1446252531 2339 1905 1964 3841
2016/03/04:13:03:10 1446252531 2339 1905 1964 3870
2016/03/04:16:23:20 1446252531 2339 1905 1964 4130
2016/03/04:17:01:07 1446252531 2339 1905 1964 3784
2016/03/04:19:25:16 1446252531 2339 1905 1964 4483
2016/03/04:20:04:38 1446252531 2339 1905 1964 4483
2016/03/04:21:12:00 1446252531 2339 1905 1964 3234
2016/03/04:22:34:08 1446252531 2339 1905 1964 3234
2016/03/04:23:29:11 1446252531 2339 1905 1964 3234
2016/03/05:08:39:14 1446252531 2339 1799 1964 5338
2016/03/05:09:55:28 1446252531 2339 1799 1964 5826
2016/03/05:10:53:41 1446252531 2339 1799 1964 5826
2016/03/05:11:48:57 1446252531 2339 1799 1964 5744
2016/03/05:12:13:20 1446252531 2339 1799 1964 5744
2016/03/05:12:33:38 1446252531 2339 1799 1964 5744
2016/03/05:12:49:27 1446252531 2339 1799 1964 5744
2016/03/05:17:35:17 1446252531 2339 1799 1964 5752
2016/03/05:19:24:47 1446252531 2339 1799 1964 6446
2016/03/05:20:13:47 1446252531 2339 1799 1964 5406
2016/03/05:21:44:22 1446252531 2339 1799 1964 6761
2016/03/05:23:05:11 1446252531 2339 1799 1964 6761
2016/03/06:03:45:31 1446252531 2339 1799 1964 8817
2016/03/06:08:32:12 1446252531 2339 1799 1964 7067
2016/03/06:09:36:02 1446252531 2339 1799 1964 7473
2016/03/06:10:28:26 1446252531 2339 1799 1964 7473
2016/03/06:11:23:33 1446252531 2339 1799 1964 7346
2016/03/06:13:29:48 1446252531 2339 1799 1964 7346
2016/03/06:14:24:32 1446252531 2339 1799 1964 7576
2016/03/06:14:39:34 1446252531 2339 1799 1964 7577
2016/03/06:15:47:08 1446252531 2339 1799 1964 7577
2016/03/06:16:30:18 1446252531 2339 1799 1964 7869
2016/03/06:17:44:44 1446252531 2339 1799 1964 9086
2016/03/06:20:42:00 1446252531 2339 1799 1964 8708
2016/03/06:22:27:10 1446252531 2339 1799 1964 7543
2016/03/06:22:51:01 1446252531 2339 1799 1964 7543
2016/03/06:23:02:42 1446252531 2339 1799 1964 7543
2016/03/07:07:31:56 1446252531 2339 1799 1964 5582
2016/03/07:09:22:32 1446252531 2339 1799 1964 5591
2016/03/07:10:46:43 1446252531 2339 1799 1964 5573
2016/03/07:11:25:13 1446252531 2339 1799 1964 5573
2016/03/07:12:29:26 1446252531 2339 1799 1964 4921
2016/03/07:13:55:18 1446252531 2339 1799 1964 5282
2016/03/07:15:24:30 1446252531 2339 1799 1964 5282
2016/03/07:16:14:07 1446252531 2339 1799 1964 4543
2016/03/07:16:51:35 1446252531 2339 1799 1964 4543
2016/03/07:19:04:06 1446252531 2339 1799 1964 4621
2016/03/07:22:35:56 1446252531 2339 1799 1964 4600
2016/03/07:23:43:02 1446252531 2339 1799 1964 4600
2016/03/08:07:37:17 1446252531 2339 1799 1964 4435
2016/03/08:08:59:56 1446252531 2339 1799 1964 4463
2016/03/08:11:50:19 1446252531 2339 1799 1964 4863
2016/03/08:13:07:27 1446252531 2339 1799 1964 4863
2016/03/08:14:34:54 1446252531 2339 1799 1964 5175
2016/03/08:17:10:13 1446252531 2339 1799 1964 3631
2016/03/08:19:37:22 1446252531 2339 1799 1961 3631
2016/03/09:07:41:40 1446252531 2339 1799 1952 4000
2016/03/09:09:52:02 1446252531 2339 1799 1958 4002
2016/03/09:10:47:33 1446252531 2339 1799 1958 4361
2016/03/09:14:57:26 1446252531 2339 1799 1955 4995
2016/03/09:15:48:27 1446252531 2339 1799 1955 4995
2016/03/09:18:36:37 1446252531 2339 1799 1953 3662
2016/03/09:19:54:00 1446252531 2339 1799 1953 3662
2016/03/09:20:21:56 1446252531 2339 1799 1953 3662
2016/03/09:21:10:35 1446252531 2339 1799 1952 4011
2016/03/09:22:27:37 1446252531 2339 1799 1952 4008
2016/03/09:22:39:32 1446252531 2339 1799 1952 4008
2016/03/09:23:19:37 1446252531 2339 1799 1952 4008
2016/03/09:23:40:49 1446252531 2339 1799 1952 4008
2016/03/10:04:58:32 1446252531 2339 1799 1956 4033
2016/03/10:07:45:33 1446252531 2339 1799 1956 4057
2016/03/10:09:31:58 1446252531 2339 1799 1956 4677
2016/03/10:10:38:39 1446252531 2339 1799 1956 4677
2016/03/10:11:01:54 1446252531 2339 1799 1956 4731
2016/03/10:11:52:40 1446252531 2339 1799 1956 4731
2016/03/10:12:20:10 1446252531 2339 1799 1956 4731
2016/03/10:13:45:45 1446252531 2339 1799 1956 4758
2016/03/10:13:58:56 1446252531 2339 1799 1956 4758
2016/03/10:15:24:51 1446252531 2339 1862 1956 5071
2016/03/10:16:34:03 1446252531 2339 1905 1956 5071
2016/03/10:19:11:19 1446252531 2339 1904 1798 6674
2016/03/10:20:14:53 1446252531 2339 1904 1798 6675
2016/03/10:22:49:56 1446252531 2339 1883 1798 3865
2016/03/11:07:42:45 1446252531 2339 1882 1798 4153
2016/03/11:09:43:47 1446252531 2339 1882 1798 4794
2016/03/11:13:35:50 1446252531 2339 1862 1798 4971
2016/03/11:15:43:11 1446252531 2339 1862 1798 5463
2016/03/11:16:42:03 1446252531 2339 1905 1798 5463
2016/03/11:17:23:25 1446252531 2339 1905 1798 5463
2016/03/11:19:30:01 1446252531 2339 1904 1798 4795
2016/03/11:22:42:14 1446252531 2339 1904 1798 6056
2016/03/12:12:06:11 1446252531 2339 1862 1798 7776
2016/03/12:13:41:42 1446252531 2339 1862 1798 7686
2016/03/12:18:48:14 1446252531 2339 1905 1798 6416
2016/03/13:09:23:15 1446252531 2339 1905 1798 6867
2016/03/13:11:08:00 1446252531 2339 1905 1798 6998
2016/03/13:16:15:44 1446252531 2339 1905 1750 7170
2016/03/13:18:09:35 1446252531 2339 1905 1750 9043
2016/03/13:19:40:00 1446252531 2339 1905 1750 9043
2016/03/13:22:38:24 1446252531 2339 1905 1750 6178
2016/03/14:07:42:25 1446252531 2339 1905 1750 6719
2016/03/14:08:53:33 1446252531 2339 1905 1750 4052
2016/03/14:09:31:39 1446252531 2339 1905 1750 4052
2016/03/14:10:08:09 1446252531 2339 1905 1750 4052
2016/03/15:14:34:29 1446252531 2339 1905 1797 7858
2016/03/15:17:17:32 1446252531 2339 1883 1797 10197
2016/03/15:18:35:29 1446252531 2339 1883 1797 10197
2016/03/15:19:59:34 1446252531 2339 1883 1797 9730
2016/03/15:20:34:17 1446252531 2339 1883 1797 9730
2016/03/15:22:29:21 1446252531 2339 1882 1797 8342
2016/03/16:00:20:24 1446252531 2339 1882 1797 3857
2016/03/16:07:58:12 1446252531 2339 1882 1797 4817
2016/03/16:21:24:37 1446252531 2339 1897 1958 3612
2016/03/16:23:11:54 1446252531 2339 1897 1958 3612
2016/03/17:07:17:32 1446252531 2339 1896 1958 3793
2016/03/17:08:44:15 1446252531 2339 1896 1958 3828
2016/03/17:13:33:30 1446252531 2339 1874 1958 4470
2016/03/17:14:23:53 1446252531 2339 1874 1958 3548
2016/03/17:15:49:29 1446252531 2339 1874 1958 3548
2016/03/17:17:08:06 1446252531 2339 1854 1958 4039
2016/03/17:18:10:05 1446252531 2339 1854 1958 4804
2016/03/17:22:13:48 1446252531 2339 1897 1958 3714
2016/03/18:07:28:52 1446252531 2339 1896 1958 4282
2016/03/18:08:41:03 1446252531 2339 1896 1958 4278
2016/03/18:13:32:28 1446252531 2339 1874 1958 4483
2016/03/19:00:25:05 1446252531 2339 1905 1958 4294
2016/03/19:10:29:09 1446252531 2339 1904 1958 6602
2016/03/19:12:03:40 1446252531 2339 1883 1958 6497
2016/03/19:12:56:00 1446252531 2339 1883 1958 6497
2016/03/19:14:14:36 1446252531 2339 1882 1958 6437
2016/03/19:20:49:17 1446252531 2339 1862 1958 4381
2016/03/19:23:27:04 1446252531 2339 1905 1958 4414
2016/03/20:07:58:57 1446252531 2339 1799 1958 8288
2016/03/20:09:39:53 1446252531 2339 1799 1958 8288
2016/03/20:12:00:53 1446252531 2339 1799 1958 6169
2016/03/20:13:30:05 1446252531 2339 1799 1958 6206
2016/03/20:14:27:38 1446252531 2339 1799 1958 6225
2016/03/20:17:50:50 1446252531 2339 1799 1958 5118
2016/03/20:19:50:01 1446252531 2339 1799 1958 5118
2016/03/20:21:38:12 1446252531 2339 1799 1958 6188
2016/03/21:08:00:00 1446252531 2339 1799 1958 8465
2016/03/21:09:09:59 1446252531 2339 1799 1958 8465
2016/03/21:10:00:47 1446252531 2339 1799 1958 8222
2016/03/21:17:45:59 1446252531 2339 1799 1958 9168
2016/03/21:19:05:58 1446252531 2339 1799 1958 10713
2016/03/21:22:52:42 1446252531 2339 1799 1958 4977
2016/03/22:09:59:08 1446252531 2339 1799 1958 5796
2016/03/22:10:49:51 1446252531 2339 1799 1958 5796
2016/03/22:11:49:35 1446252531 2339 1799 1958 5796
2016/03/23:07:42:33 1446252531 2339 1904 1958 5446
2016/03/23:09:09:44 1446252531 2339 1904 1958 5447
2016/03/23:12:53:55 1446252531 2339 1882 1958 6288
2016/03/23:13:52:30 1446252531 2339 1882 1958 6288
2016/03/23:17:33:55 1446252531 2339 1862 1958 7024
2016/03/23:18:45:03 1446252531 2339 1862 1958 8140
2016/03/23:19:53:42 1446252531 2339 1862 1958 8140
2016/03/23:21:06:30 1446252531 2339 1862 1958 8140
2016/03/23:21:55:04 1446252531 2339 1862 1958 10251
2016/03/23:22:51:49 1446252531 2339 1862 1958 10251
2016/03/24:07:39:06 1446252531 2339 1897 1958 7375
2016/03/24:09:47:29 1446252531 2339 1897 1958 7375
2016/03/24:10:51:59 1446252531 2339 1897 1958 7642
2016/03/24:12:02:35 1446252531 2339 1897 1958 7642
2016/03/24:13:46:56 1446252531 2339 1897 1958 7728
2016/03/24:14:56:57 1446252531 2339 1897 1958 7728
2016/03/24:16:41:51 1446252531 2339 1897 1958 5971
2016/03/24:18:28:18 1446252531 2339 1897 1958 5359
2016/03/24:20:38:21 1446252531 2339 1897 1958 6226
2016/03/24:22:41:29 1446252531 2339 1897 1958 6539
2016/03/25:07:32:49 1446252531 2339 1897 1958 8761
2016/03/25:09:08:05 1446252531 2339 1897 1958 9674
2016/03/25:21:34:41 1446252531 2339 1897 1958 6042
2016/03/26:09:50:56 1446252531 2339 1897 1958 7641
2016/03/26:13:08:39 1446252531 2339 1897 1958 5926
2016/03/26:17:45:24 1446252531 2339 1897 1958 7360
2016/03/26:20:15:58 1446252531 2339 1897 1958 5653
2016/03/27:13:38:23 1446252531 2339 1874 1958 8066
2016/03/28:18:19:11 1446252531 2339 1874 1958 6869
2016/03/28:20:09:14 1446252531 2339 1854 1958 4186
2016/03/28:21:13:09 1446252531 2339 1854 1958 4186
2016/03/29:06:24:03 1446252531 2339 1854 1958 6831
2016/03/29:07:31:42 1446252531 2339 1854 1958 6794
2016/03/29:10:40:05 1446252531 2339 1897 1958 7539
2016/03/29:14:56:55 1446252531 2339 1896 1958 7759
2016/03/29:16:11:53 1446252531 2339 1875 1958 8050
2016/03/29:19:07:38 1446252531 2339 1874 1958 6312
2016/03/29:21:29:44 1446252531 2339 1874 1958 7785
2016/03/30:08:59:07 1446252531 2339 1854 1958 11531
2016/03/30:13:13:02 1446252531 2339 1896 1958 8058
2016/03/30:15:37:52 1446252531 2339 1896 1958 8360
2016/03/30:16:20:34 1446252531 2339 1875 1958 8360
2016/03/30:18:38:56 1446252531 2339 1874 1958 11256
2016/03/30:20:47:40 1446252531 2339 1874 1958 14286
2016/03/31:06:45:46 1446252531 2339 1854 1958 11857
2016/03/31:08:31:00 1446252531 2339 1897 1957 14611
2016/03/31:09:19:11 1446252531 2339 1897 1957 14611
2016/03/31:12:19:08 1446252531 2339 1897 1957 14043
2016/03/31:13:25:27 1446252531 2339 1897 1957 14043
2016/03/31:14:15:37 1446252531 2339 1897 1957 8393
2016/03/31:16:10:05 1446252531 2339 1897 1957 10276
2016/03/31:20:56:38 1446252531 2339 1896 1957 5184
2016/04/01:07:06:30 1446252531 2339 1896 1957 8513
2016/04/01:08:17:14 1446252531 2339 1896 1957 8739
2016/04/01:09:06:48 1446252531 2339 1896 1957 8739
2016/04/01:16:10:02 1446252531 2339 1854 1957 11137
2016/04/01:17:16:48 1446252531 2339 1854 1957 11137
2016/04/01:18:15:46 1446252531 2339 1854 1957 11137
2016/04/01:19:13:52 1446252531 2339 1854 1957 12918
2016/04/01:21:05:47 1446252531 2339 1897 1957 14634
2016/04/01:22:16:26 1446252531 2339 1897 1957 14634
2016/04/02:07:52:39 1446252531 2339 1896 1957 14253
2016/04/02:09:04:38 1446252531 2339 1875 1957 14254
2016/04/02:19:44:18 1446252531 2339 1854 1957 7093
2016/04/02:22:12:39 1446252531 2339 1897 1957 5868
2016/04/03:08:41:16 1446252531 2339 1875 1957 6118
2016/04/03:09:35:28 1446252531 2339 1874 1957 6118
2016/04/04:19:30:35 1446252531 2339 1854 1957 7183
2016/04/04:22:11:29 1446252531 2339 1854 1957 6472
2016/04/05:06:41:48 1446252531 2339 1896 1957 7349
2016/04/05:14:51:46 1446252531 2339 1875 1957 6404
2016/04/05:15:44:18 1446252531 2339 1874 1957 7514
2016/04/05:21:22:38 1446252531 2339 1874 1957 4466
2016/04/06:06:39:34 1446252531 2339 1854 1957 4537
2016/04/06:10:26:11 1446252531 2339 1897 1957 4815
2016/04/06:14:12:25 1446252531 2339 1896 1957 3925
2016/04/06:22:35:50 1446252531 2339 1854 1957 6828
2016/04/07:06:58:53 1446252531 2339 1854 1957 6479
2016/04/07:17:05:05 1446252531 2339 1875 1957 4352
2016/04/07:18:21:51 1446252531 2339 1875 1957 4210
2016/04/08:10:06:16 1446252531 2339 1897 1957 6545
2016/04/09:07:37:04 1446252531 2339 1799 1957 6155
2016/04/10:06:43:14 1446252531 2339 1852 1957 3358
2016/04/10:08:15:18 1446252531 2339 1895 1957 3551
2016/04/10:09:52:07 1446252531 2339 1895 1957 3551
2016/04/10:10:26:35 1446252531 2339 1895 1957 3670
2016/04/10:11:03:59 1446252531 2339 1894 1957 3670
2016/04/10:15:53:15 1446252531 2339 1873 1957 4623
2016/04/10:21:22:03 1446252531 2339 1852 1957 5023
2016/04/11:00:39:52 1446252531 2339 1852 1957 7256
2016/04/11:06:27:31 1446252531 2339 1852 1957 11466
2016/04/11:08:28:17 1446252531 2339 1895 1957 10573
2016/04/11:12:40:57 1446252531 2339 1894 1900 10094
2016/04/12:06:49:35 1446252531 2339 1852 1900 7184
2016/04/12:07:51:30 1446252531 2339 1852 1900 7184
2016/04/12:09:11:11 1446252531 2339 1852 1900 7244
2016/04/12:12:48:14 1446252531 2339 1895 1900 7387
2016/04/12:21:18:33 1446252531 2339 1872 1899 7338
2016/04/13:07:57:17 1446252531 2339 1852 1900 9648
2016/04/13:11:11:33 1446252531 2339 1852 1900 9477
2016/04/13:14:51:11 1446252531 2339 1894 1900 11045
2016/04/13:15:43:11 1446252531 2339 1894 1899 11045
2016/04/13:19:57:44 1446252531 2339 1872 1899 9962
2016/04/14:06:30:03 1446252531 2339 1852 1900 16988
2016/04/14:08:19:28 1446252531 2339 1852 1900 16168
2016/04/14:09:11:53 1446252531 2339 1895 1900 16168
2016/04/15:11:41:19 1446252531 2339 1852 1900 6859
2016/04/17:18:52:19 1446252531 2339 1894 1899 17795
2016/04/17:21:35:45 1446252531 2339 1894 1899 19748
2016/04/18:07:47:05 1446252531 2339 1894 1899 14649
2016/04/18:09:09:57 1446252531 2339 1894 1899 14610
2016/11/27:12:05:06 1446252531 2172 1925 2248 8360
2016/12/22:10:10:02 1446252531 2227 1934 1949 9796
2016/12/22:12:05:23 1446252531 2227 1934 1949 8465
2016/12/24:17:43:23 1446252531 2227 1934 1948 5545
2016/12/24:20:12:10 1446252531 2227 1934 1948 6405
2016/12/24:23:03:13 1446252531 2227 1934 1948 5484
2016/12/25:11:15:50 1446252531 2227 1934 1948 7102
2016/12/25:20:44:43 1446252531 2227 1934 1948 6394
2016/12/26:14:55:38 1446252531 2227 1934 1948 7397
2016/12/26:15:38:14 1446252531 2227 1934 1948 7397
2016/12/26:16:38:20 1446252531 2227 1934 1948 6082
2016/12/26:18:38:08 1446252531 2227 1934 1948 6732
2016/12/26:23:08:10 1446252531 2227 1926 1948 10377
2016/12/27:00:08:15 1446252531 2227 1925 1940 11038
2016/12/27:01:08:08 1446252531 2227 1925 1940 11038
2016/12/27:02:08:08 1446252531 2227 1925 1940 12602
2016/12/27:03:08:11 1446252531 2227 1925 1940 12963
2016/12/27:04:08:12 1446252531 2227 1925 1940 12963
2016/12/27:05:08:12 1446252531 2227 1925 1940 13367
2016/12/27:07:08:11 1446252531 2227 1926 1948 13026
2016/12/27:08:08:14 1446252531 2227 1926 1948 12811
2016/12/27:09:08:13 1446252531 2227 1926 1948 12521
2016/12/27:10:08:14 1446252531 2227 1925 1940 12521
2016/12/27:11:08:11 1446252531 2227 1925 1940 12739
2016/12/27:12:08:12 1446252531 2227 1934 1948 13112
2016/12/27:13:08:11 1446252531 2227 1926 1948 13112
2016/12/27:14:08:11 1446252531 2227 1925 1940 15614
2016/12/27:16:08:11 1446252531 2227 1925 1940 16742
2016/12/27:17:08:13 1446252531 2227 1934 1948 10435
2016/12/27:18:08:09 1446252531 2227 1934 1948 10435
2016/12/27:20:08:09 1446252531 2227 1925 1940 13810
2016/12/27:21:08:11 1446252531 2227 1925 1940 14885
2016/12/27:22:08:15 1446252531 2227 1934 1948 14885
2016/12/27:23:08:10 1446252531 2227 1926 1948 17300
2016/12/28:01:08:11 1446252531 2227 1925 1940 18153
2016/12/28:02:08:07 1446252531 2227 1925 1940 11599
2016/12/28:04:08:10 1446252531 2227 1925 1940 12133
2016/12/28:05:08:05 1446252531 2227 1925 1940 12608
2016/12/28:06:08:08 1446252531 2227 1925 1940 12540
2016/12/28:08:08:08 1446252531 2227 1925 1940 12516
2016/12/28:10:08:08 1446252531 2227 1934 1949 12378
2016/12/28:12:08:08 1446252531 2227 1926 1949 7613
2016/12/28:14:08:07 1446252531 2227 1926 1949 6137
2016/12/28:17:08:07 1446252531 2227 1925 1940 6126
2016/12/28:18:08:06 1446252531 2227 1925 1940 6126
2016/12/28:19:08:09 1446252531 2227 1925 1940 6126
2016/12/28:21:08:07 1446252531 2227 1926 1949 6852
2016/12/28:22:08:05 1446252531 2227 1926 1949 6852
2016/12/29:00:08:08 1446252531 2227 1925 1940 6511
2016/12/29:01:08:07 1446252531 2227 1925 1940 6511
2016/12/29:02:08:06 1446252531 2227 1925 1940 7604
2016/12/29:03:08:08 1446252531 2227 1925 1940 6113
2016/12/29:04:08:11 1446252531 2227 1925 1940 6113
2016/12/29:05:08:05 1446252531 2227 1925 1940 6464
2016/12/29:06:08:05 1446252531 2227 1925 1940 6580
2016/12/29:07:08:08 1446252531 2227 1926 1948 6580
2016/12/29:08:08:09 1446252531 2227 1926 1948 6727
2016/12/29:10:08:08 1446252531 2227 1926 1948 6833
2016/12/29:11:08:08 1446252531 2227 1926 1948 7107
2016/12/29:12:08:08 1446252531 2227 1925 1940 7515
2016/12/29:14:08:09 1446252531 2227 1925 1940 8956
2016/12/29:15:08:16 1446252531 2227 1925 1940 9875
2016/12/29:16:08:11 1446252531 2227 1925 1940 9875
2016/12/29:17:08:11 1446252531 2227 1934 1948 7559
2016/12/29:18:08:12 1446252531 2227 1934 1948 8312
2016/12/29:19:08:06 1446252531 2227 1926 1948 8312
2016/12/29:20:08:19 1446252531 2227 1926 1948 5362
2016/12/29:21:08:03 1446252531 2227 1926 1948 5913
2016/12/29:22:08:12 1446252531 2227 1926 1948 5913
2016/12/29:23:08:12 1446252531 2227 1925 1940 5374
2016/12/30:00:08:06 1446252531 2227 1925 1940 4686
2016/12/30:01:08:11 1446252531 2227 1925 1940 4686
2016/12/30:02:08:08 1446252531 2227 1925 1940 5632
2016/12/30:04:08:10 1446252531 2227 1934 1949 5993
2016/12/30:05:08:05 1446252531 2227 1926 1949 6337
2016/12/30:06:08:09 1446252531 2227 1926 1949 6425
2016/12/30:08:08:10 1446252531 2227 1926 1949 6528
2016/12/30:10:08:17 1446252531 2227 1926 1948 4808
2016/12/30:11:08:08 1446252531 2227 1926 1948 5142
2016/12/30:12:08:09 1446252531 2227 1926 1948 5476
2016/12/30:13:08:04 1446252531 2227 1925 1940 5476
2016/12/30:14:08:23 1446252531 2227 1925 1940 6601
2016/12/30:16:08:13 1446252531 2227 1925 1940 5304
2016/12/30:17:08:11 1446252531 2227 1925 1940 6510
2016/12/30:18:08:09 1446252531 2227 1934 1948 7098
2016/12/30:19:08:18 1446252531 2227 1926 1948 7098
2016/12/30:20:08:06 1446252531 2227 1926 1948 8473
2016/12/30:21:08:08 1446252531 2227 1926 1948 6643
2016/12/30:22:08:11 1446252531 2227 1926 1948 6643
2016/12/30:23:08:06 1446252531 2227 1925 1940 7783
2016/12/31:00:08:07 1446252531 2227 1925 1940 8317
2016/12/31:01:08:08 1446252531 2227 1925 1940 8317
2016/12/31:02:08:07 1446252531 2227 1925 1940 9414
2016/12/31:03:08:06 1446252531 2227 1925 1940 9712
2016/12/31:04:08:07 1446252531 2227 1925 1940 9712
2016/12/31:05:08:07 1446252531 2227 1925 1940 9999
2016/12/31:06:08:08 1446252531 2227 1925 1940 9829
2016/12/31:07:08:09 1446252531 2227 1925 1940 9829
2016/12/31:08:08:10 1446252531 2227 1925 1940 9725
2016/12/31:09:08:10 1446252531 2227 1925 1940 9577
2016/12/31:10:08:11 1446252531 2227 1925 1940 9577
2016/12/31:11:08:06 1446252531 2227 1925 1940 9697
2016/12/31:12:08:06 1446252531 2227 1925 1940 9936
2016/12/31:13:08:08 1446252531 2227 1925 1940 9936
2016/12/31:14:08:06 1446252531 2227 1925 1940 11382
2016/12/31:15:08:28 1446252531 2227 1934 1949 12098
2016/12/31:16:08:12 1446252531 2227 1926 1949 12098
2016/12/31:17:08:10 1446252531 2227 1926 1949 13990
2016/12/31:18:08:12 1446252531 2227 1926 1949 14625
2016/12/31:20:08:08 1446252531 2227 1925 1940 16524
2017/01/01:20:08:06 1446252531 2227 1926 1948 3514
2017/01/01:21:08:09 1446252531 2227 1926 1948 4042
2017/01/01:22:08:07 1446252531 2227 1926 1948 4042
2017/01/01:23:08:04 1446252531 2227 1925 1940 5048
2017/01/02:00:08:10 1446252531 2227 1925 1940 5680
2017/01/02:01:08:10 1446252531 2227 1925 1940 5680
2017/01/02:02:08:09 1446252531 2227 1934 1949 6784
2017/01/02:03:08:06 1446252531 2227 1934 1949 7203
2017/01/02:04:08:10 1446252531 2227 1926 1948 7203
2017/01/02:05:08:10 1446252531 2227 1926 1948 4480
2017/01/02:06:08:07 1446252531 2227 1926 1948 4612
2017/01/02:08:08:09 1446252531 2227 1925 1940 4749
2017/01/02:09:08:11 1446252531 2227 1925 1940 4852
2017/01/02:10:08:11 1446252531 2227 1925 1799 4852
2017/01/02:11:08:15 1446252531 2227 1934 1799 5088
2017/01/02:12:08:07 1446252531 2227 1934 1799 5439
2017/01/02:16:08:04 1446252531 2227 1925 1799 5385
2017/01/02:17:08:01 1446252531 2227 1925 1799 6759
2017/01/02:18:08:06 1446252531 2227 1925 1799 7488
2017/01/02:19:08:04 1446252531 2227 1925 1799 7488
2017/01/02:20:08:06 1446252531 2227 1934 1948 5183
2017/01/02:21:08:08 1446252531 2227 1926 1948 5870
2017/01/02:22:08:02 1446252531 2227 1926 1948 5870
2017/01/29:12:09:37 1446252531 2226 1925 1940 2666
2017/01/29:12:46:59 1446252531 2226 1925 1940 2942
