Time: ISBN: Retail-Price: Lowest-New-Price: Lowest-Used-Price: Sales-Rank 
2016/02/10:15:17:33 1446247376 2799 2332 4062 55618
2016/02/10:17:04:29 1446247376 2799 2332 4061 61042
2016/02/10:18:29:17 1446247376 2799 2332 4059 61102
2016/02/10:22:28:08 1446247376 2799 2457 4055 77080
2016/02/11:07:46:13 1446247376 2799 2457 4050 117788
2016/02/11:09:36:28 1446247376 2799 2457 4050 136430
2016/02/11:10:03:07 1446247376 2799 2457 4050 136430
2016/02/11:11:53:42 1446247376 2799 2457 4050 135388
2016/02/11:12:03:06 1446247376 2799 2457 4050 135388
2016/02/11:12:09:51 1446247376 2799 2457 4050 135388
2016/02/11:12:54:34 1446247376 2799 2457 4050 135383
2016/02/11:14:07:47 1446247376 2799 2457 4050 135383
2016/02/11:15:27:04 1446247376 2799 2457 4050 135103
2016/02/11:17:13:05 1446247376 2799 2457 4050 137800
2016/02/11:19:01:27 1446247376 2799 2457 4050 137886
2016/02/11:22:06:35 1446247376 2799 2457 4047 144404
2016/02/12:07:33:33 1446247376 2799 2457 4019 159072
2016/02/12:09:22:49 1446247376 2799 2457 3996 167143
2016/02/13:12:45:34 1446247376 2799 2394 3985 194181
2016/02/13:13:28:56 1446247376 2799 2394 3985 190917
2016/02/13:13:37:13 1446247376 2799 2394 3985 190917
2016/02/13:15:22:39 1446247376 2799 2394 3985 189646
2016/02/18:17:20:16 1446247376 2799 2398 4779 245564
2016/02/18:18:06:26 1446247376 2799 2398 4779 245564
2016/02/18:19:14:14 1446247376 2799 2471 4779 243155
2016/02/18:20:42:56 1446247376 2799 2471 4779 243293
2016/02/18:21:44:59 1446247376 2799 2471 4779 249455
2016/02/18:22:42:38 1446247376 2799 2471 4779 249598
2016/02/19:07:50:54 1446247376 2799 2471 4779 257076
2016/02/19:09:36:50 1446247376 2799 2471 4779 257999
2016/02/19:11:28:11 1446247376 2799 2471 4779 254281
2016/02/19:13:05:34 1446247376 2799 2471 4779 250797
2016/02/19:15:02:29 1446247376 2799 2471 4779 250797
2016/02/19:16:52:17 1446247376 2799 2471 4779 248406
2016/02/19:17:24:47 1446247376 2799 2471 4779 248406
2016/02/19:17:41:13 1446247376 2799 2471 4779 248575
2016/02/19:19:30:40 1446247376 2799 2600 4779 248574
2016/02/19:20:27:44 1446247376 2799 2600 4779 244425
2016/02/19:22:13:19 1446247376 2799 2600 4779 249991
2016/02/20:02:01:55 1446247376 2799 2600 4778 253081
2016/02/20:06:09:29 1446247376 2799 2600 4950 260516
2016/02/20:09:18:09 1446247376 2799 2600 4950 259032
2016/02/20:10:35:32 1446247376 2799 2600 4950 259362
2016/02/20:11:14:51 1446247376 2799 2600 4950 255471
2016/02/20:12:07:57 1446247376 2799 2600 4950 255471
2016/02/20:13:05:57 1446247376 2799 2600 4950 255581
2016/02/20:14:27:28 1446247376 2799 2600 4950 251185
2016/02/20:15:38:29 1446247376 2799 2600 4950 248198
2016/02/20:16:52:49 1446247376 2799 2600 4950 248226
2016/02/20:18:47:46 1446247376 2799 2600 4950 247430
2016/02/20:19:39:21 1446247376 2799 2600 4950 242669
2016/02/20:21:20:20 1446247376 2799 2600 4950 246780
2016/02/20:21:43:54 1446247376 2799 2600 4950 246780
2016/02/21:02:24:54 1446247376 2799 2600 4950 253352
2016/02/21:09:45:29 1446247376 2799 2600 4950 256754
2016/02/21:10:52:41 1446247376 2799 2600 4950 256754
2016/02/21:11:43:41 1446247376 2799 2600 4950 253111
2016/02/21:14:13:42 1446247376 2799 2600 4950 248843
2016/02/21:14:59:13 1446247376 2799 2600 4950 245178
2016/02/21:17:20:49 1446247376 2799 2600 4950 244901
2016/02/21:17:44:52 1446247376 2799 2600 4950 244901
2016/02/21:18:15:19 1446247376 2799 2600 4950 244901
2016/02/21:20:15:00 1446247376 2799 2600 4950 240366
2016/02/21:22:02:33 1446247376 2799 2600 4950 243939
2016/02/21:22:26:51 1446247376 2799 2600 4950 243939
2016/02/21:23:37:34 1446247376 2799 2600 4950 240638
2016/02/22:07:49:14 1446247376 2799 2600 4950 79105
2016/02/22:09:52:45 1446247376 2799 2600 4950 79821
2016/02/22:11:03:51 1446247376 2799 2600 4950 87642
2016/02/22:12:01:34 1446247376 2799 2470 4950 87642
2016/02/22:15:22:06 1446247376 2799 2519 4950 92877
2016/02/22:16:44:48 1446247376 2799 2519 4950 92926
2016/02/23:09:32:56 1446247376 2799 2519 250 35339
2016/02/23:10:59:15 1446247376 2799 2519 250 43575
2016/02/23:12:02:09 1446247376 2799 2519 250 44253
2016/02/23:13:52:40 1446247376 2799 2519 250 46477
2016/02/23:15:08:12 1446247376 2799 2519 250 50124
2016/02/23:16:06:58 1446247376 2799 2519 2519 50124
2016/02/23:17:27:36 1446247376 2799 2519 2519 58301
2016/02/24:09:16:39 1446247376 2799 2519 2519 28599
2016/02/24:11:15:04 1446247376 2799 2519 2519 31573
2016/02/24:11:19:22 1446247376 2799 2519 2519 31573
2016/02/24:13:09:38 1446247376 2799 2519 2519 31573
2016/02/24:14:13:57 1446247376 2799 2519 2519 32372
2016/02/24:16:49:19 1446247376 2799 2519 2519 32373
2016/02/24:19:42:13 1446247376 2799 2519 2519 54452
2016/02/24:21:10:40 1446247376 2799 2519 2519 23430
2016/02/24:22:43:41 1446247376 2799 2519 2519 23430
2016/02/24:23:06:31 1446247376 2799 2519 2519 23430
2016/02/25:08:07:07 1446247376 2799 2519 2519 45619
2016/02/25:09:00:37 1446247376 2799 2519 2519 45619
2016/02/25:10:10:41 1446247376 2799 2519 2519 46336
2016/02/25:11:35:50 1446247376 2799 2519 2519 47206
2016/02/25:15:20:41 1446247376 2799 2519 2519 51541
2016/02/25:16:53:05 1446247376 2799 2519 2519 51541
2016/02/25:19:02:55 1446247376 2799 2519 2519 60235
2016/02/25:21:35:26 1446247376 2799 2519 2519 76313
2016/02/25:22:32:34 1446247376 2799 2519 2519 76313
2016/02/26:07:31:56 1446247376 2799 2519 2519 47034
2016/02/26:08:48:49 1446247376 2799 2519 2519 47045
2016/02/26:09:51:17 1446247376 2799 2519 2519 45269
2016/02/26:10:52:32 1446247376 2799 2519 2519 45297
2016/02/26:13:21:00 1446247376 2799 2519 3849 49176
2016/02/26:15:29:33 1446247376 2799 2519 3849 56496
2016/02/26:19:53:43 1446247376 2799 2519 3849 66907
2016/02/26:22:49:11 1446247376 2799 2519 3849 26773
2016/02/26:23:51:43 1446247376 2799 2519 3849 26773
2016/02/27:08:09:29 1446247376 2799 2519 3849 50923
2016/02/27:09:40:34 1446247376 2799 2519 3849 54383
2016/02/27:10:41:02 1446247376 2799 2519 3851 54416
2016/02/27:12:20:12 1446247376 2799 2519 3851 52514
2016/02/27:14:25:33 1446247376 2799 2799 3851 51497
2016/02/27:16:32:31 1446247376 2799 2519 3851 51309
2016/02/27:17:07:50 1446247376 2799 2519 3851 51337
2016/02/27:17:49:34 1446247376 2799 2519 3851 51337
2016/02/27:19:43:41 1446247376 2799 2519 3866 57015
2016/02/27:23:56:22 1446247376 2799 2519 3866 79079
2016/02/28:00:28:05 1446247376 2799 2519 3866 79079
2016/02/28:03:42:30 1446247376 2799 2519 3866 97335
2016/02/28:10:27:04 1446247376 2799 2519 3866 109567
2016/02/28:11:14:55 1446247376 2799 2519 3866 109977
2016/02/28:13:17:56 1446247376 2799 2519 3866 107078
2016/02/28:17:22:22 1446247376 2799 2519 3866 103246
2016/02/28:19:34:10 1446247376 2799 2519 3866 107615
2016/02/28:20:49:03 1446247376 2799 2519 3866 107810
2016/02/28:22:20:34 1446247376 2799 2519 3866 30390
2016/02/28:23:00:26 1446247376 2799 2519 3866 30394
2016/02/29:09:26:28 1446247376 2799 2519 3866 30489
2016/02/29:10:34:28 1446247376 2799 2519 3866 30926
2016/02/29:11:56:17 1446247376 2799 2519 3866 30926
2016/02/29:12:25:19 1446247376 2799 2519 3866 33041
2016/02/29:12:44:38 1446247376 2799 2519 3866 33041
2016/02/29:13:48:21 1446247376 2799 2519 3866 33043
2016/02/29:15:24:40 1446247376 2799 2519 3866 40465
2016/02/29:15:46:04 1446247376 2799 2519 3866 40465
2016/02/29:16:20:40 1446247376 2799 2519 3866 40465
2016/03/01:02:14:32 1446247376 2799 2519 4678 86795
2016/03/01:09:30:52 1446247376 2799 2519 4670 103973
2016/03/01:11:55:17 1446247376 2799 2519 4668 101454
2016/03/01:14:52:32 1446247376 2799 2519 4664 98408
2016/03/01:15:18:02 1446247376 2799 2519 4664 98637
2016/03/01:18:41:28 1446247376 2799 2519 4662 102975
2016/03/01:20:02:04 1446247376 2799 2519 4661 103040
2016/03/01:21:00:58 1446247376 2799 2519 4660 112921
2016/03/01:21:53:03 1446247376 2799 2519 4660 108454
2016/03/01:23:08:37 1446247376 2799 2519 4658 108677
2016/03/01:23:24:02 1446247376 2799 2519 4658 108677
2016/03/02:07:24:51 1446247376 2799 2519 4654 139516
2016/03/02:09:39:21 1446247376 2799 2519 4654 139066
2016/03/02:11:59:43 1446247376 2799 2519 4652 147853
2016/03/02:12:47:54 1446247376 2799 2519 4652 147658
2016/03/02:15:52:04 1446247376 2799 2519 3000 146586
2016/03/02:16:47:23 1446247376 2799 2519 2999 25702
2016/03/02:18:43:05 1446247376 2799 2519 2999 33039
2016/03/02:19:15:14 1446247376 2799 2519 2999 33039
2016/03/02:19:30:14 1446247376 2799 2519 2999 33039
2016/03/02:19:37:18 1446247376 2799 2519 2999 33039
2016/03/02:20:32:14 1446247376 2799 2519 2999 50266
2016/03/02:21:22:11 1446247376 2799 2799 2999 50271
2016/03/02:23:05:36 1446247376 2799 2799 2999 50145
2016/03/03:09:24:37 1446247376 2799 2799 2997 88414
2016/03/03:10:20:15 1446247376 2799 2799 2997 88414
2016/03/03:10:35:23 1446247376 2799 2799 2997 88414
2016/03/03:11:36:48 1446247376 2799 2799 2997 97214
2016/03/03:12:12:49 1446247376 2799 2799 2997 97214
2016/03/03:12:36:43 1446247376 2799 2799 2997 97214
2016/03/03:12:59:16 1446247376 2799 2799 2997 95762
2016/03/03:15:11:12 1446247376 2799 2799 2997 94155
2016/03/03:17:10:07 1446247376 2799 2799 2997 95577
2016/03/03:17:44:00 1446247376 2799 2799 2997 95577
2016/03/03:18:03:18 1446247376 2799 2799 2997 95577
2016/03/03:18:29:58 1446247376 2799 2799 2997 95577
2016/03/03:19:53:04 1446247376 2799 2799 2997 101434
2016/03/03:20:39:20 1446247376 2799 2799 2997 101434
2016/03/04:07:31:10 1446247376 2799 2799 2997 137153
2016/03/04:09:09:36 1446247376 2799 2799 2997 137743
2016/03/04:09:44:32 1446247376 2799 2799 2997 145229
2016/03/04:11:05:28 1446247376 2799 2799 2997 145318
2016/03/04:11:32:51 1446247376 2799 2799 2997 145574
2016/03/04:11:51:28 1446247376 2799 2799 2997 145574
2016/03/04:13:02:35 1446247376 2799 2799 2997 144926
2016/03/04:16:22:45 1446247376 2799 2799 2997 146065
2016/03/04:17:00:32 1446247376 2799 2799 2997 149446
2016/03/04:19:24:41 1446247376 2799 2799 2997 154495
2016/03/04:20:04:03 1446247376 2799 2799 2997 154495
2016/03/04:21:11:25 1446247376 2799 2799 2997 154495
2016/03/04:22:33:33 1446247376 2799 2799 2997 162495
2016/03/04:23:28:36 1446247376 2799 2799 2997 159363
2016/03/05:08:38:39 1446247376 2799 2799 2997 168485
2016/03/05:09:54:52 1446247376 2799 2799 2997 170872
2016/03/05:10:53:06 1446247376 2799 2799 2997 168157
2016/03/05:11:48:22 1446247376 2799 2799 2997 168157
2016/03/05:12:12:45 1446247376 2799 2799 2997 168157
2016/03/05:12:33:03 1446247376 2799 2799 2997 168157
2016/03/05:12:48:52 1446247376 2799 2799 2997 168157
2016/03/05:17:34:42 1446247376 2799 2799 2997 164336
2016/03/05:19:24:12 1446247376 2799 2799 2997 164381
2016/03/05:20:13:12 1446247376 2799 2799 2997 168657
2016/03/05:21:43:47 1446247376 2799 2799 2997 176065
2016/03/05:23:04:36 1446247376 2799 2799 2997 175199
2016/03/06:03:44:56 1446247376 2799 2799 2997 185426
2016/03/06:08:31:37 1446247376 2799 2799 2997 190793
2016/03/06:09:35:27 1446247376 2799 2799 2997 190720
2016/03/06:10:27:52 1446247376 2799 2799 2997 191098
2016/03/06:11:22:58 1446247376 2799 2799 2997 191098
2016/03/06:13:29:13 1446247376 2799 2799 2997 187611
2016/03/06:14:23:58 1446247376 2799 2799 2997 184766
2016/03/06:14:38:59 1446247376 2799 2799 2997 184766
2016/03/06:15:46:33 1446247376 2799 2799 2997 184943
2016/03/06:16:29:43 1446247376 2799 2799 2997 182057
2016/03/06:17:44:09 1446247376 2799 2799 2997 182664
2016/03/06:20:41:25 1446247376 2799 2799 2997 178957
2016/03/06:22:26:35 1446247376 2799 2799 2997 183472
2016/03/06:22:50:26 1446247376 2799 2799 2997 183504
2016/03/06:23:02:07 1446247376 2799 2799 2997 183504
2016/03/07:07:31:21 1446247376 2799 2799 2997 202212
2016/03/07:09:21:57 1446247376 2799 2799 2997 201277
2016/03/07:10:46:08 1446247376 2799 2799 2997 199684
2016/03/07:11:24:38 1446247376 2799 2799 2997 200314
2016/03/07:12:28:51 1446247376 2799 2799 2997 202574
2016/03/07:13:54:43 1446247376 2799 2799 2997 202040
2016/03/07:15:23:54 1446247376 2799 2799 2997 202040
2016/03/07:16:13:32 1446247376 2799 2799 2997 203124
2016/03/07:16:51:00 1446247376 2799 2799 2997 203399
2016/03/07:19:03:31 1446247376 2799 2799 2997 199936
2016/03/07:22:35:21 1446247376 2799 2799 2997 209456
2016/03/07:23:42:27 1446247376 2799 2799 2997 209723
2016/03/08:07:36:42 1446247376 2799 2799 2997 220728
2016/03/08:08:59:21 1446247376 2799 2799 2997 218384
2016/03/08:11:49:44 1446247376 2799 2799 2997 218642
2016/03/08:13:06:52 1446247376 2799 2799 2997 218641
2016/03/08:14:34:18 1446247376 2799 2799 2997 218828
2016/03/08:17:09:38 1446247376 2799 2799 2997 222042
2016/03/08:19:36:47 1446247376 2799 2799 2997 222041
2016/03/09:07:41:05 1446247376 2799 2799 2997 239406
2016/03/09:09:51:27 1446247376 2799 2799 2997 235208
2016/03/09:10:46:58 1446247376 2799 2799 2997 234774
2016/03/09:14:56:51 1446247376 2799 2799 2997 233112
2016/03/09:15:47:52 1446247376 2799 2799 2997 233112
2016/03/09:18:36:02 1446247376 2799 2799 2997 235348
2016/03/09:19:53:24 1446247376 2799 2799 2997 235438
2016/03/09:20:21:21 1446247376 2799 2799 2997 242827
2016/03/09:21:09:55 1446247376 2799 2799 2997 242827
2016/03/09:22:27:02 1446247376 2799 2799 2997 242897
2016/03/09:22:38:57 1446247376 2799 2799 2997 239815
2016/03/09:23:19:02 1446247376 2799 2799 2997 239815
2016/03/09:23:40:14 1446247376 2799 2799 2997 239816
2016/03/10:04:57:57 1446247376 2799 2799 3791 251331
2016/03/10:07:44:58 1446247376 2799 2799 3791 246848
2016/03/10:09:31:23 1446247376 2799 2799 3791 247921
2016/03/10:10:37:42 1446247376 2799 2799 3791 247919
2016/03/10:11:01:19 1446247376 2799 2799 3791 244237
2016/03/10:11:52:05 1446247376 2799 2799 3791 244237
2016/03/10:12:19:34 1446247376 2799 2799 3791 244236
2016/03/10:13:45:09 1446247376 2799 2799 3791 239855
2016/03/10:13:58:21 1446247376 2799 2799 3791 239855
2016/03/10:15:24:16 1446247376 2799 2799 3791 237732
2016/03/10:16:33:28 1446247376 2799 2799 3791 239096
2016/03/10:19:10:44 1446247376 2799 2799 3791 243004
2016/03/10:20:14:18 1446247376 2799 2799 3791 243275
2016/03/10:22:49:21 1446247376 2799 2799 4965 249984
2016/03/11:07:42:10 1446247376 2799 2799 4956 250100
2016/03/11:09:43:12 1446247376 2799 2799 4955 251460
2016/03/11:13:35:15 1446247376 2799 2799 4952 242716
2016/03/11:15:42:36 1446247376 2799 2799 4951 240886
2016/03/11:16:41:28 1446247376 2799 2799 3815 240931
2016/03/11:17:22:50 1446247376 2799 2799 3814 242433
2016/03/11:19:29:26 1446247376 2799 2799 3813 242469
2016/03/11:22:41:39 1446247376 2799 2799 3814 246377
2016/03/12:10:30:57 1446247376 2799 2799 4942 249038
2016/03/12:12:05:36 1446247376 2799 2799 4940 244184
2016/03/12:13:41:07 1446247376 2799 2799 4939 240020
2016/03/12:18:47:28 1446247376 2799 2799 4933 236985
2016/03/13:09:22:40 1446247376 2799 2799 4922 35154
2016/03/13:11:07:25 1446247376 2799 2799 4920 40125
2016/03/13:16:15:09 1446247376 2799 2799 4916 46549
2016/03/13:18:09:00 1446247376 2799 2799 4913 61632
2016/03/13:19:39:25 1446247376 2799 2799 4913 61674
2016/03/13:22:37:49 1446247376 2799 2799 4909 82640
2016/03/14:07:41:50 1446247376 2799 2799 3804 106035
2016/03/14:08:52:58 1446247376 2799 2799 3804 122217
2016/03/14:09:31:04 1446247376 2799 2799 3804 122217
2016/03/14:10:07:34 1446247376 2799 2799 3804 122217
2016/03/15:14:33:34 1446247376 2799 2799 3795 173981
2016/03/15:17:16:37 1446247376 2799 2799 3795 174688
2016/03/15:18:34:34 1446247376 2799 2799 3795 178754
2016/03/15:19:58:39 1446247376 2799 2799 3795 175979
2016/03/15:20:33:22 1446247376 2799 2799 3795 176202
2016/03/15:22:28:25 1446247376 2799 2799 3795 184205
2016/03/16:00:19:28 1446247376 2799 2799 3795 192368
2016/03/16:07:57:16 1446247376 2799 2799 3795 202736
2016/03/16:09:04:14 1446247376 2799 2799 3796 210997
2016/03/16:21:23:42 1446247376 2799 2799 3796 216798
2016/03/16:23:10:58 1446247376 2799 2799 3795 217002
2016/03/17:07:16:37 1446247376 2799 2799 3795 36726
2016/03/17:08:43:20 1446247376 2799 2799 3795 40189
2016/03/17:13:32:34 1446247376 2799 2799 3795 53406
2016/03/17:14:22:58 1446247376 2799 2799 3795 55321
2016/03/17:15:48:33 1446247376 2799 2799 3795 55399
2016/03/17:17:07:11 1446247376 2799 2799 3795 61606
2016/03/17:18:09:09 1446247376 2799 2799 3795 71292
2016/03/17:22:12:52 1446247376 2799 2799 3794 86563
2016/03/18:07:27:57 1446247376 2799 2799 3728 126503
2016/03/18:08:40:07 1446247376 2799 2799 3727 127180
2016/03/18:13:31:30 1446247376 2799 2799 3724 130847
2016/03/19:00:24:06 1446247376 2799 2799 3721 157298
2016/03/19:10:28:11 1446247376 2799 2799 3727 169134
2016/03/19:12:02:42 1446247376 2799 2799 3727 167137
2016/03/19:12:55:03 1446247376 2799 2799 3727 167387
2016/03/19:14:13:39 1446247376 2799 2799 3727 165626
2016/03/19:20:48:19 1446247376 2799 2799 3727 174604
2016/03/19:23:26:06 1446247376 2799 2799 3727 172600
2016/03/20:07:57:58 1446247376 2799 2799 3727 193519
2016/03/20:09:38:55 1446247376 2799 2799 3727 193519
2016/03/20:11:59:18 1446247376 2799 2799 3727 194885
2016/03/20:13:29:06 1446247376 2799 2799 3727 192368
2016/03/20:14:26:40 1446247376 2799 2799 3727 192368
2016/03/20:17:49:53 1446247376 2799 2799 3727 194503
2016/03/20:19:49:04 1446247376 2799 2799 3727 191586
2016/03/20:21:37:14 1446247376 2799 2799 3727 29422
2016/03/21:07:59:02 1446247376 2799 2799 3727 93865
2016/03/21:09:09:01 1446247376 2799 2799 3727 93865
2016/03/21:09:59:50 1446247376 2799 2799 3727 93678
2016/03/21:17:45:00 1446247376 2799 2799 3727 100544
2016/03/21:19:05:00 1446247376 2799 2799 3727 107313
2016/03/21:22:51:44 1446247376 2799 2799 3727 118191
2016/03/22:09:58:11 1446247376 2799 2799 3727 148620
2016/03/22:10:48:54 1446247376 2799 2799 3727 148620
2016/03/22:11:48:38 1446247376 2799 2799 3727 149068
2016/03/23:07:41:19 1446247376 2799 2799 3727 188015
2016/03/23:09:08:32 1446247376 2799 2799 3727 188532
2016/03/23:12:52:43 1446247376 2799 2799 3727 189751
2016/03/23:13:51:19 1446247376 2799 2799 3727 187446
2016/03/23:17:32:44 1446247376 2799 2799 3727 186805
2016/03/23:18:43:54 1446247376 2799 2799 3727 188727
2016/03/23:19:52:33 1446247376 2799 2799 3727 188838
2016/03/23:21:05:21 1446247376 2799 2799 3727 188838
2016/03/23:21:53:55 1446247376 2799 2799 3727 194706
2016/03/23:22:50:38 1446247376 2799 2799 3727 194706
2016/03/24:07:37:51 1446247376 2799 2799 3727 209130
2016/03/24:09:46:15 1446247376 2799 2799 3727 208317
2016/03/24:10:50:45 1446247376 2799 2799 3727 208750
2016/03/24:12:01:20 1446247376 2799 2799 3727 209027
2016/03/24:13:45:42 1446247376 2799 2799 3727 208568
2016/03/24:14:55:43 1446247376 2799 2799 3727 208568
2016/03/24:16:40:36 1446247376 2799 2799 3727 211295
2016/03/24:18:27:04 1446247376 2799 2799 3727 215176
2016/03/24:20:37:07 1446247376 2799 2799 3727 217212
2016/03/24:22:40:14 1446247376 2799 2799 3727 215779
2016/03/25:07:31:34 1446247376 2799 2799 4365 226677
2016/03/25:09:06:51 1446247376 2799 2799 4342 228526
2016/03/25:21:33:17 1446247376 2799 2799 4245 229270
2016/03/26:09:49:41 1446247376 2799 2799 4216 234079
2016/03/26:13:07:25 1446247376 2799 2799 4214 228768
2016/03/26:17:44:09 1446247376 2799 2799 4212 224384
2016/03/26:20:14:45 1446247376 2799 2799 4209 225249
2016/03/27:13:37:08 1446247376 2799 2799 4198 226209
2016/03/28:18:17:56 1446247376 2799 2799 4180 220599
2016/03/28:20:08:00 1446247376 2799 2799 4180 221816
2016/03/28:21:11:55 1446247376 2799 2799 4179 221816
2016/03/29:06:22:48 1446247376 2799 2799 4175 233440
2016/03/29:07:30:27 1446247376 2799 2799 4174 233440
2016/03/29:10:38:51 1446247376 2799 2799 4172 235978
2016/03/29:14:55:41 1446247376 2799 2799 4168 230686
2016/03/29:16:10:39 1446247376 2799 2799 4168 227578
2016/03/29:19:06:23 1446247376 2799 2799 4167 228252
2016/03/29:21:28:29 1446247376 2799 2799 4166 230185
2016/03/30:08:57:48 1446247376 2799 2799 4162 249016
2016/03/30:13:11:44 1446247376 2799 2799 4159 246787
2016/03/30:15:36:33 1446247376 2799 2799 4158 244472
2016/03/30:16:19:20 1446247376 2799 2799 4158 244472
2016/03/30:18:37:42 1446247376 2799 2799 4156 29427
2016/03/30:20:46:26 1446247376 2799 2799 4156 47661
2016/03/31:06:44:33 1446247376 2799 2799 3800 82258
2016/03/31:08:29:46 1446247376 2799 2799 3801 97408
2016/03/31:09:17:58 1446247376 2799 2799 3801 97408
2016/03/31:12:17:53 1446247376 2799 2799 3801 101108
2016/03/31:13:24:12 1446247376 2799 2799 3801 104539
2016/03/31:14:14:23 1446247376 2799 2799 3800 104539
2016/03/31:16:08:51 1446247376 2799 2799 3801 111509
2016/03/31:20:55:23 1446247376 2799 2799 3799 126636
2016/04/01:07:05:15 1446247376 2799 2799 3799 153207
2016/04/01:08:16:00 1446247376 2799 2799 3799 153639
2016/04/01:09:05:34 1446247376 2799 2799 3799 153639
2016/04/01:16:08:48 1446247376 2799 2799 3799 158203
2016/04/01:17:15:34 1446247376 2799 2799 3799 158203
2016/04/01:18:14:33 1446247376 2799 2799 3799 164432
2016/04/01:19:12:39 1446247376 2799 2799 3799 164432
2016/04/01:21:04:33 1446247376 2799 2799 3799 170853
2016/04/01:22:15:12 1446247376 2799 2799 3799 170853
2016/04/02:07:51:25 1446247376 2799 2799 3795 196203
2016/04/02:09:03:24 1446247376 2799 2799 3793 196387
2016/04/02:19:43:03 1446247376 2799 2799 3784 200071
2016/04/02:22:11:25 1446247376 2799 2799 3785 202265
2016/04/03:08:40:02 1446247376 2799 2799 3786 209114
2016/04/03:09:34:14 1446247376 2799 2799 3785 209328
2016/04/04:19:29:19 1446247376 2799 2799 4923 229967
2016/04/04:22:10:15 1446247376 2799 2799 4923 234831
2016/04/05:06:40:34 1446247376 2799 2799 4918 251312
2016/04/05:14:50:32 1446247376 2799 2799 4912 245216
2016/04/05:15:43:04 1446247376 2799 2799 4912 245160
2016/04/05:21:21:22 1446247376 2799 2799 4909 249797
2016/04/06:06:38:24 1446247376 2799 2799 4907 266823
2016/04/06:10:25:01 1446247376 2799 2799 4907 265554
2016/04/06:14:11:13 1446247376 2799 2799 4907 262670
2016/04/06:22:34:39 1446247376 2799 2799 4907 35540
2016/04/07:06:57:43 1446247376 2799 2799 4905 78831
2016/04/07:17:03:54 1446247376 2799 2799 4902 96918
2016/04/07:18:20:40 1446247376 2799 2799 4902 106071
2016/04/08:10:04:58 1446247376 2799 2799 4902 146261
2016/04/09:07:35:54 1446247376 2799 2799 4902 191846
2016/04/10:06:42:04 1446247376 2799 2799 4902 207105
2016/04/10:08:14:06 1446247376 2799 2799 4902 205891
2016/04/10:09:50:56 1446247376 2799 2799 4902 205892
2016/04/10:10:25:24 1446247376 2799 2799 4902 204329
2016/04/10:11:02:48 1446247376 2799 2799 4902 204329
2016/04/10:15:52:04 1446247376 2799 2799 4902 205928
2016/04/10:21:20:52 1446247376 2799 2799 4902 213572
2016/04/11:00:38:40 1446247376 2799 2799 4902 220516
2016/04/11:06:26:20 1446247376 2799 2799 4877 231673
2016/04/11:08:27:05 1446247376 2799 2799 4876 227394
2016/04/11:12:39:48 1446247376 2799 2799 4874 224218
2016/04/12:06:48:23 1446247376 2799 2799 4874 252688
2016/04/12:07:50:20 1446247376 2799 2799 4874 253030
2016/04/12:09:10:01 1446247376 2799 2799 4874 250077
2016/04/12:12:46:52 1446247376 2799 2799 4874 247375
2016/04/12:21:17:21 1446247376 2799 2799 4874 255444
2016/04/13:07:56:08 1446247376 2799 2799 4870 268421
2016/04/13:11:10:24 1446247376 2799 2799 4869 266623
2016/04/13:14:50:02 1446247376 2799 2799 4867 264359
2016/04/13:15:42:03 1446247376 2799 2799 4867 264383
2016/04/13:19:56:36 1446247376 2799 2799 4866 269437
2016/04/14:06:28:55 1446247376 2799 2799 4862 276814
2016/04/14:08:18:18 1446247376 2799 2799 4861 277050
2016/04/14:09:10:45 1446247376 2799 2799 4861 275584
2016/04/15:11:40:11 1446247376 2799 2799 4837 275257
2016/04/17:18:51:10 1446247376 2799 2799 4601 268693
2016/04/17:21:34:36 1446247376 2799 2799 4600 268272
2016/04/18:07:45:57 1446247376 2799 2799 4597 272231
2016/04/18:09:08:48 1446247376 2799 2799 4597 270040
2016/11/27:12:04:31 1446247376 0 7346 7180 414749
2016/12/22:10:09:10 1446247376 0 7362 5638 412298
2016/12/22:12:04:31 1446247376 0 7362 5638 410807
2016/12/24:17:42:30 1446247376 0 7362 5936 369045
2016/12/24:20:11:18 1446247376 0 7362 5936 365574
2016/12/24:23:02:17 1446247376 0 7362 5936 361442
2016/12/25:11:14:55 1446247376 0 7362 5936 342783
2016/12/25:20:43:50 1446247376 0 7362 5936 335319
2016/12/26:14:54:44 1446247376 0 7362 5936 315904
2016/12/26:15:37:21 1446247376 0 7362 5936 315904
2016/12/26:16:37:23 1446247376 0 7362 5936 316976
2016/12/26:18:37:15 1446247376 0 7362 5936 316091
2016/12/26:23:07:18 1446247376 0 7362 5936 316702
2016/12/27:00:07:22 1446247376 0 7362 5936 315708
2016/12/27:01:07:17 1446247376 0 7362 5936 315708
2016/12/27:02:07:17 1446247376 0 7362 5936 316318
2016/12/27:03:07:19 1446247376 0 7362 5936 315039
2016/12/27:04:07:19 1446247376 0 7362 5936 315039
2016/12/27:05:07:20 1446247376 0 7362 5935 313795
2016/12/27:07:07:19 1446247376 0 7362 5935 311372
2016/12/27:08:07:22 1446247376 0 7362 5935 309536
2016/12/27:09:07:21 1446247376 0 7362 5935 307538
2016/12/27:10:07:20 1446247376 0 7362 5935 307538
2016/12/27:11:07:18 1446247376 0 7362 5935 306344
2016/12/27:12:07:20 1446247376 0 7362 5935 305481
2016/12/27:13:07:18 1446247376 0 7362 5935 305481
2016/12/27:14:07:19 1446247376 0 7362 5935 306989
2016/12/27:16:07:18 1446247376 0 7362 5935 307272
2016/12/27:17:07:20 1446247376 0 7362 5935 309215
2016/12/27:18:07:17 1446247376 0 7362 5935 309215
2016/12/27:20:07:17 1446247376 0 7362 5933 310897
2016/12/27:21:07:19 1446247376 0 7362 5933 310927
2016/12/27:22:07:22 1446247376 0 7362 5933 310927
2016/12/27:23:07:17 1446247376 0 7362 5933 312762
2016/12/28:01:07:18 1446247376 0 7362 5933 312756
2016/12/28:02:07:15 1446247376 0 7362 5933 314603
2016/12/28:04:07:17 1446247376 0 7362 5933 313984
2016/12/28:05:07:13 1446247376 0 7362 5933 313261
2016/12/28:06:07:15 1446247376 0 7362 5933 311524
2016/12/28:08:07:15 1446247376 0 7362 5933 310049
2016/12/28:10:07:15 1446247376 0 7362 5933 308547
2016/12/28:12:07:15 1446247376 0 7362 5933 307423
2016/12/28:14:07:15 1446247376 0 7362 5933 309804
2016/12/28:17:07:16 1446247376 0 7362 5932 313743
2016/12/28:18:07:14 1446247376 0 7362 5932 313743
2016/12/28:19:07:17 1446247376 0 7362 5931 313743
2016/12/28:21:07:14 1446247376 0 7362 5931 317754
2016/12/28:22:07:13 1446247376 0 7362 5931 317754
2016/12/29:00:07:14 1446247376 0 7362 5931 321343
2016/12/29:01:07:15 1446247376 0 7362 5931 321343
2016/12/29:02:07:14 1446247376 0 7362 5931 323989
2016/12/29:03:07:16 1446247376 0 7362 5931 323944
2016/12/29:04:07:17 1446247376 0 7362 5931 323944
2016/12/29:05:07:13 1446247376 0 7362 5931 323855
2016/12/29:06:07:13 1446247376 0 7362 5931 322877
2016/12/29:07:07:15 1446247376 0 7362 5931 322877
2016/12/29:08:07:16 1446247376 0 7362 5931 321915
2016/12/29:10:07:15 1446247376 0 7362 5931 320961
2016/12/29:11:07:16 1446247376 0 7362 5931 320607
2016/12/29:12:07:15 1446247376 0 7362 5931 320494
2016/12/29:14:07:16 1446247376 0 7362 5930 322976
2016/12/29:15:07:23 1446247376 0 7362 5929 324486
2016/12/29:16:07:19 1446247376 0 7362 5929 324486
2016/12/29:17:07:18 1446247376 0 7362 5929 327882
2016/12/29:18:07:19 1446247376 0 7362 5929 328826
2016/12/29:19:07:13 1446247376 0 7362 5929 328826
2016/12/29:20:07:16 1446247376 0 7362 5929 331873
2016/12/29:21:07:11 1446247376 0 7362 5929 333045
2016/12/29:22:07:19 1446247376 0 7362 5929 333045
2016/12/29:23:07:20 1446247376 0 7362 5929 335904
2016/12/30:00:07:14 1446247376 0 7362 5929 337005
2016/12/30:01:07:18 1446247376 0 7362 5929 337005
2016/12/30:02:07:16 1446247376 0 7362 5929 339592
2016/12/30:03:07:18 1446247376 0 7362 5929 339556
2016/12/30:04:07:17 1446247376 0 7362 5929 339556
2016/12/30:05:07:13 1446247376 0 7362 5929 339690
2016/12/30:06:07:16 1446247376 0 7362 5929 338550
2016/12/30:08:07:18 1446247376 0 7362 5929 337639
2016/12/30:10:07:23 1446247376 0 7362 5929 336554
2016/12/30:11:07:15 1446247376 0 7362 5929 336282
2016/12/30:12:07:17 1446247376 0 7362 5929 336315
2016/12/30:13:07:13 1446247376 0 7362 5929 336315
2016/12/30:14:07:31 1446247376 0 7362 5929 339039
2016/12/30:16:07:21 1446247376 0 7362 5929 340641
2016/12/30:17:07:19 1446247376 0 7362 5929 343701
2016/12/30:18:07:16 1446247376 0 7362 5929 344371
2016/12/30:19:07:26 1446247376 0 7362 5929 344371
2016/12/30:20:07:14 1446247376 0 7362 5929 347451
2016/12/30:21:07:15 1446247376 0 7362 6580 348167
2016/12/30:22:07:18 1446247376 0 7362 6580 348167
2016/12/30:23:07:13 1446247376 0 7362 6580 350228
2016/12/31:00:07:15 1446247376 0 7363 6580 350373
2016/12/31:01:07:15 1446247376 0 7363 6580 350373
2016/12/31:02:07:14 1446247376 0 7363 6580 351928
2016/12/31:03:07:13 1446247376 0 7363 6580 351220
2016/12/31:04:07:15 1446247376 0 7363 6580 351220
2016/12/31:05:07:14 1446247376 0 7363 6580 350608
2016/12/31:06:07:17 1446247376 0 7363 6578 348840
2016/12/31:07:07:16 1446247376 0 7363 6578 348840
2016/12/31:08:07:17 1446247376 0 7363 6578 347401
2016/12/31:09:07:17 1446247376 0 7363 6578 346009
2016/12/31:10:07:18 1446247376 0 7363 6578 346009
2016/12/31:11:07:14 1446247376 0 7363 6578 345233
2016/12/31:12:07:14 1446247376 0 7363 6578 344788
2016/12/31:13:07:15 1446247376 0 7363 6578 344788
2016/12/31:14:07:14 1446247376 0 7363 6578 346552
2016/12/31:15:07:34 1446247376 0 7363 6578 347230
2016/12/31:16:07:18 1446247376 0 7363 6682 347230
2016/12/31:17:07:17 1446247376 0 7363 6682 349394
2016/12/31:18:07:20 1446247376 0 7363 6682 349638
2016/12/31:20:07:16 1446247376 0 7363 6682 351272
2017/01/01:20:07:13 1446247376 0 7363 6739 344635
2017/01/01:21:07:16 1446247376 0 7363 6739 344625
2017/01/01:22:07:15 1446247376 0 7363 6739 344625
2017/01/01:23:07:12 1446247376 0 7363 6739 346330
2017/01/02:00:07:17 1446247376 0 7363 6739 345984
2017/01/02:01:07:18 1446247376 0 7363 6739 345984
2017/01/02:02:07:16 1446247376 0 7363 6739 347263
2017/01/02:03:07:14 1446247376 0 7363 6739 346075
2017/01/02:04:07:17 1446247376 0 7363 6739 346075
2017/01/02:05:07:17 1446247376 0 7363 6738 345109
2017/01/02:06:07:15 1446247376 0 7363 6737 342903
2017/01/02:07:07:16 1446247376 0 7363 6737 342903
2017/01/02:08:07:16 1446247376 0 7363 6737 340926
2017/01/02:09:07:18 1446247376 0 7363 6737 339068
2017/01/02:10:07:18 1446247376 0 7363 6737 339068
2017/01/02:11:07:20 1446247376 0 7363 6737 338059
2017/01/02:12:07:14 1446247376 0 7363 6737 337389
2017/01/02:16:07:12 1446247376 0 7363 6737 340749
2017/01/02:17:07:09 1446247376 0 7363 6737 343760
2017/01/02:18:07:13 1446247376 0 7363 6737 344178
2017/01/02:19:07:12 1446247376 0 7363 6737 344178
2017/01/02:20:07:13 1446247376 0 7363 6737 347042
2017/01/02:21:07:14 1446247376 0 7363 6737 347510
2017/01/02:22:07:10 1446247376 0 7363 6737 347510
2017/01/29:12:09:02 1446247376 0 13420 7268 376625
2017/01/29:12:46:24 1446247376 0 13420 7267 376625
