Time: ISBN: Retail-Price: Lowest-New-Price: Lowest-Used-Price: Sales-Rank 
2016/02/10:15:17:35 1473902495 2519 2071 2179 15909
2016/02/10:17:04:31 1473902495 2519 2071 2179 17945
2016/02/10:18:29:20 1473902495 2519 2071 2180 17945
2016/02/10:22:28:10 1473902495 2519 2071 2179 23336
2016/02/11:07:46:15 1473902495 2519 2071 2180 23210
2016/02/11:09:36:30 1473902495 2519 2071 2180 18165
2016/02/11:10:03:10 1473902495 2519 2071 2179 18165
2016/02/11:11:53:44 1473902495 2519 2071 2180 18208
2016/02/11:12:03:09 1473902495 2519 2071 2180 18208
2016/02/11:12:09:53 1473902495 2519 2071 2180 18208
2016/02/11:12:54:36 1473902495 2519 2071 2180 18932
2016/02/11:14:07:49 1473902495 2519 2071 2180 18932
2016/02/11:15:27:06 1473902495 2519 2071 2179 20009
2016/02/11:17:13:07 1473902495 2519 2071 2179 23296
2016/02/11:19:01:29 1473902495 2519 2071 2179 23300
2016/02/11:22:06:37 1473902495 2519 2071 2180 29610
2016/02/12:07:33:35 1473902495 2519 2071 2179 44389
2016/02/12:09:22:51 1473902495 2519 2071 2180 55351
2016/02/13:12:45:36 1473902495 2519 2117 2179 92590
2016/02/13:13:28:59 1473902495 2519 2117 2180 88304
2016/02/13:13:37:15 1473902495 2519 2139 2180 88304
2016/02/13:15:22:41 1473902495 2519 2139 2180 87449
2016/02/18:17:20:19 1473902495 2519 2139 2179 14621
2016/02/18:18:06:28 1473902495 2519 2118 2179 14622
2016/02/18:19:14:17 1473902495 2519 2118 2179 14716
2016/02/18:20:42:58 1473902495 2519 2118 2179 14718
2016/02/18:21:45:02 1473902495 2519 2118 2179 19408
2016/02/18:22:42:40 1473902495 2519 2118 2179 19408
2016/02/19:07:50:56 1473902495 2519 2118 2179 30016
2016/02/19:09:36:52 1473902495 2519 2118 2179 30030
2016/02/19:11:28:14 1473902495 2519 2118 2179 31940
2016/02/19:13:05:36 1473902495 2519 2118 2179 31940
2016/02/19:15:02:31 1473902495 2519 2118 2179 36359
2016/02/19:16:52:19 1473902495 2519 2118 2179 36359
2016/02/19:17:24:49 1473902495 2519 2118 2179 15216
2016/02/19:17:41:15 1473902495 2519 2140 2179 15216
2016/02/19:19:30:43 1473902495 2519 2140 2179 15216
2016/02/19:20:27:47 1473902495 2519 2139 2179 15532
2016/02/19:22:13:21 1473902495 2519 2139 2179 20831
2016/02/20:02:01:58 1473902495 2519 2139 2179 24398
2016/02/20:06:09:32 1473902495 2519 2118 2180 18561
2016/02/20:09:18:11 1473902495 2519 2118 2180 22228
2016/02/20:10:35:35 1473902495 2519 2118 2180 22231
2016/02/20:11:14:53 1473902495 2519 2118 2179 22677
2016/02/20:12:07:59 1473902495 2519 2118 2179 22677
2016/02/20:13:06:00 1473902495 2519 2118 2179 22677
2016/02/20:14:27:31 1473902495 2519 2139 2179 23118
2016/02/20:15:38:31 1473902495 2519 2139 2179 23118
2016/02/20:16:52:51 1473902495 2519 2139 2179 26100
2016/02/20:18:47:49 1473902495 2519 2118 2180 33528
2016/02/20:19:39:23 1473902495 2519 2118 2180 30182
2016/02/20:21:20:22 1473902495 2519 2118 2179 42810
2016/02/20:21:43:57 1473902495 2519 2118 2179 42810
2016/02/21:02:24:56 1473902495 2519 2118 2180 56750
2016/02/21:09:45:31 1473902495 2519 2118 2180 63977
2016/02/21:10:52:44 1473902495 2519 2118 2180 63977
2016/02/21:11:43:44 1473902495 2519 2118 2180 60396
2016/02/21:14:13:44 1473902495 2519 2118 2180 56667
2016/02/21:14:59:15 1473902495 2519 2118 2180 56667
2016/02/21:17:20:51 1473902495 2519 2118 2180 59885
2016/02/21:17:44:54 1473902495 2519 2118 2180 59885
2016/02/21:18:15:21 1473902495 2519 2118 2180 59931
2016/02/21:20:15:03 1473902495 2519 2118 2180 58129
2016/02/21:22:02:36 1473902495 2519 2118 2180 71081
2016/02/21:22:26:54 1473902495 2519 2118 2180 71081
2016/02/21:23:37:36 1473902495 2519 2118 2180 70037
2016/02/22:07:49:17 1473902495 2519 2118 2180 111634
2016/02/22:09:52:47 1473902495 2519 2118 2180 108614
2016/02/22:11:03:54 1473902495 2519 2118 2180 111164
2016/02/22:12:01:37 1473902495 2519 2118 2180 111164
2016/02/22:15:22:09 1473902495 2519 2118 2180 107026
2016/02/22:16:44:51 1473902495 2519 2118 2180 107075
2016/02/23:09:32:58 1473902495 2519 2139 2180 60994
2016/02/23:10:59:17 1473902495 2519 2139 2180 70441
2016/02/23:12:02:11 1473902495 2519 2139 2180 67402
2016/02/23:13:52:43 1473902495 2519 2118 2180 65511
2016/02/23:15:08:15 1473902495 2519 2118 2180 64900
2016/02/23:16:07:01 1473902495 2519 2118 2180 64900
2016/02/23:17:27:39 1473902495 2519 2098 2180 69328
2016/02/24:09:16:41 1473902495 2519 2098 2178 37617
2016/02/24:11:15:07 1473902495 2519 2098 2178 42166
2016/02/24:11:19:25 1473902495 2519 2098 2178 42166
2016/02/24:13:09:40 1473902495 2519 2098 2178 42806
2016/02/24:14:14:00 1473902495 2519 2098 2177 42826
2016/02/24:16:49:21 1473902495 2519 2098 2176 42826
2016/02/24:19:42:16 1473902495 2519 2098 2176 53459
2016/02/24:21:10:43 1473902495 2519 2098 2176 24509
2016/02/24:22:43:43 1473902495 2519 2098 2176 24509
2016/02/24:23:06:34 1473902495 2519 2098 2176 24509
2016/02/25:08:07:10 1473902495 2519 2108 2176 26004
2016/02/25:09:00:39 1473902495 2519 2108 2175 26004
2016/02/25:10:10:44 1473902495 2519 2108 2174 27332
2016/02/25:11:35:52 1473902495 2519 2108 2174 28535
2016/02/25:15:20:43 1473902495 2519 2108 2172 35430
2016/02/25:16:53:08 1473902495 2519 2108 2172 16173
2016/02/25:19:02:58 1473902495 2519 2108 2170 16174
2016/02/25:21:35:29 1473902495 2519 2108 2169 22737
2016/02/25:22:32:36 1473902495 2519 2088 2168 22737
2016/02/26:07:31:59 1473902495 2519 2088 2164 49330
2016/02/26:08:48:51 1473902495 2519 2088 2164 49341
2016/02/26:09:51:20 1473902495 2519 2088 2163 49341
2016/02/26:10:52:34 1473902495 2519 2088 2162 46077
2016/02/26:13:21:03 1473902495 2519 2088 2162 47914
2016/02/26:15:29:36 1473902495 2519 2088 2160 16693
2016/02/26:19:53:45 1473902495 2519 2088 2160 21967
2016/02/26:22:49:14 1473902495 2519 2088 2156 14328
2016/02/26:23:51:46 1473902495 2519 2088 2155 14328
2016/02/27:08:09:31 1473902495 2519 2088 2152 28013
2016/02/27:09:40:37 1473902495 2519 2088 2150 30189
2016/02/27:10:41:04 1473902495 2519 2088 2150 30196
2016/02/27:12:20:14 1473902495 2519 2088 2149 30236
2016/02/27:14:25:35 1473902495 2519 2088 2149 30949
2016/02/27:16:32:33 1473902495 2519 2088 2149 31972
2016/02/27:17:07:52 1473902495 2519 2088 2149 31974
2016/02/27:17:49:37 1473902495 2519 2088 2149 31974
2016/02/27:19:43:43 1473902495 2519 2088 2149 38666
2016/02/27:23:56:24 1473902495 2519 2088 2149 57117
2016/02/28:00:28:08 1473902495 2519 2088 2149 57117
2016/02/28:03:42:33 1473902495 2519 2088 2149 69854
2016/02/28:10:27:07 1473902495 2519 2088 2149 26505
2016/02/28:11:14:58 1473902495 2519 2088 2149 26508
2016/02/28:13:17:59 1473902495 2519 2088 2149 27102
2016/02/28:17:22:25 1473902495 2519 2088 2149 37165
2016/02/28:19:34:12 1473902495 2519 2088 2149 46675
2016/02/28:20:49:06 1473902495 2519 2088 2149 46744
2016/02/28:22:20:37 1473902495 2519 2088 2149 60561
2016/02/28:23:00:28 1473902495 2519 2088 2149 60745
2016/02/29:09:26:31 1473902495 2519 2088 2146 92962
2016/02/29:10:34:31 1473902495 2519 2088 2144 88934
2016/02/29:11:56:19 1473902495 2519 2088 2143 88967
2016/02/29:12:25:22 1473902495 2519 2088 2142 88434
2016/02/29:12:44:40 1473902495 2519 2088 2142 88434
2016/02/29:13:48:23 1473902495 2519 2088 2140 88529
2016/02/29:15:24:42 1473902495 2519 2088 2139 83634
2016/02/29:15:46:07 1473902495 2519 2088 2138 83634
2016/02/29:16:20:43 1473902495 2519 2088 2138 83634
2016/03/01:02:14:34 1473902495 2519 2088 2133 113313
2016/03/01:09:30:55 1473902495 2519 2088 2129 136873
2016/03/01:11:55:20 1473902495 2519 2088 2183 138707
2016/03/01:14:52:34 1473902495 2519 2071 2181 136214
2016/03/01:15:18:05 1473902495 2519 2071 2181 136448
2016/03/01:18:41:31 1473902495 2519 2071 2178 139886
2016/03/01:20:02:07 1473902495 2519 2071 2179 139950
2016/03/01:21:01:00 1473902495 2519 2071 2178 10778
2016/03/01:21:53:05 1473902495 2519 2071 2177 11480
2016/03/01:23:08:40 1473902495 2519 2071 2177 11480
2016/03/01:23:24:05 1473902495 2519 2071 2177 11480
2016/03/02:07:24:53 1473902495 2519 2071 2173 26201
2016/03/02:09:39:24 1473902495 2519 2071 2173 26321
2016/03/02:11:59:45 1473902495 2519 2071 2171 18456
2016/03/02:12:47:56 1473902495 2519 2071 2171 19232
2016/03/02:15:52:06 1473902495 2519 2071 2169 19924
2016/03/02:16:47:25 1473902495 2519 2071 2169 22548
2016/03/02:18:43:08 1473902495 2519 2071 2169 27322
2016/03/02:19:15:17 1473902495 2519 2071 2168 27322
2016/03/02:19:30:17 1473902495 2519 2071 2168 27322
2016/03/02:19:37:20 1473902495 2519 2071 2168 27322
2016/03/02:20:32:17 1473902495 2519 2071 2167 36016
2016/03/02:21:22:13 1473902495 2519 2071 2166 36021
2016/03/02:23:05:38 1473902495 2519 2071 2165 34736
2016/03/03:09:24:39 1473902495 2519 2071 2157 29246
2016/03/03:10:20:18 1473902495 2519 2071 2157 29246
2016/03/03:10:35:26 1473902495 2519 2071 2157 19105
2016/03/03:11:36:50 1473902495 2519 2071 2157 19105
2016/03/03:12:12:52 1473902495 2519 2071 2157 19105
2016/03/03:12:36:45 1473902495 2519 2071 2157 19105
2016/03/03:12:59:19 1473902495 2519 2071 2157 19690
2016/03/03:15:11:15 1473902495 2519 2071 2156 20301
2016/03/03:17:10:09 1473902495 2519 2083 2156 22790
2016/03/03:17:44:02 1473902495 2519 2083 2118 22790
2016/03/03:18:03:21 1473902495 2519 2083 2118 22790
2016/03/03:18:30:01 1473902495 2519 2083 2118 27349
2016/03/03:19:53:06 1473902495 2519 2083 2118 27354
2016/03/03:20:39:23 1473902495 2519 2083 2118 27354
2016/03/04:07:31:12 1473902495 2519 2083 2118 28703
2016/03/04:09:09:38 1473902495 2519 2083 2118 32316
2016/03/04:09:44:34 1473902495 2519 2083 2118 32316
2016/03/04:11:05:30 1473902495 2519 2083 2118 32316
2016/03/04:11:32:53 1473902495 2519 2083 2118 32381
2016/03/04:11:51:30 1473902495 2519 2083 2118 32381
2016/03/04:13:02:37 1473902495 2519 2083 2118 32119
2016/03/04:16:22:48 1473902495 2519 2083 2118 34677
2016/03/04:17:00:34 1473902495 2519 2083 2118 41723
2016/03/04:19:24:43 1473902495 2519 2083 2118 51301
2016/03/04:20:04:06 1473902495 2519 2083 2118 51301
2016/03/04:21:11:28 1473902495 2519 2083 2118 51301
2016/03/04:22:33:35 1473902495 2519 2083 2118 64249
2016/03/04:23:28:38 1473902495 2519 2083 2118 64249
2016/03/05:08:38:42 1473902495 2519 2083 2118 73448
2016/03/05:09:54:55 1473902495 2519 2083 2118 76576
2016/03/05:10:53:08 1473902495 2519 2083 2118 73341
2016/03/05:11:48:24 1473902495 2519 2083 2118 73341
2016/03/05:12:12:47 1473902495 2519 2083 2118 73341
2016/03/05:12:33:05 1473902495 2519 2083 2118 73341
2016/03/05:12:48:55 1473902495 2519 2083 2118 73341
2016/03/05:17:34:45 1473902495 2519 2083 2118 68784
2016/03/05:19:24:14 1473902495 2519 2083 2118 68829
2016/03/05:20:13:14 1473902495 2519 2083 2118 74635
2016/03/05:21:43:50 1473902495 2519 2083 2118 84924
2016/03/05:23:04:38 1473902495 2519 2083 2118 84924
2016/03/06:03:44:59 1473902495 2519 2083 2118 99428
2016/03/06:08:31:39 1473902495 2519 2083 2118 110672
2016/03/06:09:35:29 1473902495 2519 2083 2118 112762
2016/03/06:10:27:53 1473902495 2519 2083 2118 113140
2016/03/06:11:23:01 1473902495 2519 2083 2118 113140
2016/03/06:13:29:15 1473902495 2519 2083 2118 110231
2016/03/06:14:24:00 1473902495 2519 2083 2118 108438
2016/03/06:14:39:01 1473902495 2519 2083 2118 108438
2016/03/06:15:46:36 1473902495 2519 2083 2118 108615
2016/03/06:16:29:46 1473902495 2519 2083 2118 106977
2016/03/06:17:44:11 1473902495 2519 2083 2118 109255
2016/03/06:20:41:27 1473902495 2519 2083 2118 105273
2016/03/06:22:26:37 1473902495 2519 2083 2118 112138
2016/03/06:22:50:28 1473902495 2519 2083 2118 112169
2016/03/06:23:02:10 1473902495 2519 2083 2118 112169
2016/03/07:07:31:23 1473902495 2519 2083 2118 136263
2016/03/07:09:21:59 1473902495 2519 2083 2118 134740
2016/03/07:10:46:10 1473902495 2519 2083 2118 132972
2016/03/07:11:24:41 1473902495 2519 2083 2118 133602
2016/03/07:12:28:53 1473902495 2519 2083 2118 137284
2016/03/07:13:54:46 1473902495 2519 2083 2118 138703
2016/03/07:15:23:57 1473902495 2519 2083 2118 138703
2016/03/07:16:13:35 1473902495 2519 2083 2118 143135
2016/03/07:16:51:02 1473902495 2519 2083 2118 143410
2016/03/07:19:03:33 1473902495 2519 2083 2118 142636
2016/03/07:22:35:23 1473902495 2519 2083 2118 159236
2016/03/07:23:42:29 1473902495 2519 2083 2118 159503
2016/03/08:07:36:44 1473902495 2519 2083 2118 178220
2016/03/08:08:59:23 1473902495 2519 2083 2118 175565
2016/03/08:11:49:47 1473902495 2519 2083 2118 172991
2016/03/08:13:06:54 1473902495 2519 2083 2118 172990
2016/03/08:14:34:21 1473902495 2519 2083 2118 170816
2016/03/08:17:09:41 1473902495 2519 2083 2118 172109
2016/03/08:19:36:49 1473902495 2519 2071 2118 172108
2016/03/09:07:41:08 1473902495 2519 2071 2118 23122
2016/03/09:09:51:30 1473902495 2519 2071 2118 23616
2016/03/09:10:47:00 1473902495 2519 2071 2118 26072
2016/03/09:14:56:53 1473902495 2519 2071 2118 32563
2016/03/09:15:47:55 1473902495 2519 2071 2118 32563
2016/03/09:18:36:05 1473902495 2519 2071 2118 41542
2016/03/09:19:53:26 1473902495 2519 2071 2118 41544
2016/03/09:20:21:23 1473902495 2519 2071 2118 57338
2016/03/09:21:09:58 1473902495 2519 2071 2118 57338
2016/03/09:22:27:04 1473902495 2519 2071 2118 57338
2016/03/09:22:39:00 1473902495 2519 2071 2118 54150
2016/03/09:23:19:05 1473902495 2519 2071 2118 54150
2016/03/09:23:40:17 1473902495 2519 2071 2118 54150
2016/03/10:04:57:59 1473902495 2519 2071 2118 30433
2016/03/10:07:45:00 1473902495 2519 2071 2118 30567
2016/03/10:09:31:25 1473902495 2519 2071 2118 34981
2016/03/10:10:37:45 1473902495 2519 2071 2118 34981
2016/03/10:11:01:21 1473902495 2519 2071 2118 35829
2016/03/10:11:52:08 1473902495 2519 2071 2118 35829
2016/03/10:12:19:37 1473902495 2519 2071 2118 35828
2016/03/10:13:45:12 1473902495 2519 2071 2118 35915
2016/03/10:13:58:23 1473902495 2519 2071 2118 35915
2016/03/10:15:24:19 1473902495 2519 2071 2118 38880
2016/03/10:16:33:31 1473902495 2519 2071 2118 38880
2016/03/10:19:10:46 1473902495 2519 2071 2118 56930
2016/03/10:20:14:20 1473902495 2519 2071 2118 57154
2016/03/10:22:49:24 1473902495 2519 2071 2118 71650
2016/03/11:07:42:12 1473902495 2519 2071 2118 89098
2016/03/11:09:43:14 1473902495 2519 2071 2118 28352
2016/03/11:13:35:18 1473902495 2519 2071 2118 31623
2016/03/11:15:42:38 1473902495 2519 2071 2118 37554
2016/03/11:16:41:30 1473902495 2519 2071 2118 37554
2016/03/11:17:22:53 1473902495 2519 2071 2118 16269
2016/03/11:19:29:28 1473902495 2519 2071 2118 16270
2016/03/11:22:41:41 1473902495 2519 2071 2118 13022
2016/03/12:10:30:59 1473902495 2519 2071 2118 19585
2016/03/12:12:05:38 1473902495 2519 2071 2118 19708
2016/03/12:13:41:09 1473902495 2519 2071 2118 20332
2016/03/12:18:47:31 1473902495 2519 2071 2118 27739
2016/03/13:09:22:42 1473902495 2519 2071 2118 25290
2016/03/13:11:07:27 1473902495 2519 2071 2118 26263
2016/03/13:16:15:11 1473902495 2519 2071 2118 28489
2016/03/13:18:09:02 1473902495 2519 2071 2118 40588
2016/03/13:19:39:28 1473902495 2519 2071 2118 40588
2016/03/13:22:37:51 1473902495 2519 2071 2118 57213
2016/03/14:07:41:53 1473902495 2519 2071 2118 65986
2016/03/14:08:53:00 1473902495 2519 2071 2118 80699
2016/03/14:09:31:06 1473902495 2519 2071 2118 80699
2016/03/14:10:07:37 1473902495 2519 2071 2118 80699
2016/03/15:14:33:37 1473902495 2519 2071 2118 121999
2016/03/15:17:16:40 1473902495 2519 2071 2118 28036
2016/03/15:18:34:37 1473902495 2519 2071 2118 28036
2016/03/15:19:58:42 1473902495 2519 2071 2118 28904
2016/03/15:20:33:25 1473902495 2519 2071 2118 28904
2016/03/15:22:28:28 1473902495 2519 2071 2118 43242
2016/03/16:00:19:31 1473902495 2519 2071 2118 58938
2016/03/16:07:57:19 1473902495 2519 2071 2118 75291
2016/03/16:09:04:17 1473902495 2519 2071 2118 84763
2016/03/16:21:23:45 1473902495 2519 2071 2118 18453
2016/03/16:23:11:01 1473902495 2519 2071 2118 18454
2016/03/17:07:16:40 1473902495 2519 2071 2118 21291
2016/03/17:08:43:23 1473902495 2519 2071 2118 21672
2016/03/17:13:32:38 1473902495 2519 2071 2118 25700
2016/03/17:14:23:01 1473902495 2519 2071 2118 26244
2016/03/17:15:48:36 1473902495 2519 2071 2118 26244
2016/03/17:17:07:14 1473902495 2519 2071 2118 30859
2016/03/17:18:09:12 1473902495 2519 2071 2118 39402
2016/03/17:22:12:56 1473902495 2519 2071 2118 48971
2016/03/18:07:28:00 1473902495 2519 2071 2118 30097
2016/03/18:08:40:10 1473902495 2519 2071 2118 29901
2016/03/18:13:31:34 1473902495 2519 2071 2118 31235
2016/03/19:00:24:09 1473902495 2519 2071 2118 71036
2016/03/19:10:28:14 1473902495 2519 2071 2118 82031
2016/03/19:12:02:46 1473902495 2519 2071 2118 78336
2016/03/19:12:55:06 1473902495 2519 2071 2118 78586
2016/03/19:14:13:43 1473902495 2519 2071 2118 75252
2016/03/19:20:48:22 1473902495 2519 2071 2118 86664
2016/03/19:23:26:09 1473902495 2519 2071 2118 84147
2016/03/20:07:58:01 1473902495 2519 2071 2118 113877
2016/03/20:09:38:59 1473902495 2519 2071 2118 113877
2016/03/20:11:59:21 1473902495 2519 2071 2118 115798
2016/03/20:13:29:10 1473902495 2519 2071 2118 113094
2016/03/20:14:26:44 1473902495 2519 2071 2118 113094
2016/03/20:17:49:56 1473902495 2519 2071 2118 116484
2016/03/20:19:49:08 1473902495 2519 2071 2118 113525
2016/03/20:21:37:17 1473902495 2519 2071 2118 117281
2016/03/21:07:59:05 1473902495 2519 2071 2118 143704
2016/03/21:09:09:05 1473902495 2519 2071 2118 143704
2016/03/21:09:59:53 1473902495 2519 2071 2118 140953
2016/03/21:17:45:03 1473902495 2519 2071 2118 26470
2016/03/21:19:05:04 1473902495 2519 2071 2118 26470
2016/03/21:22:51:47 1473902495 2519 2071 2118 16254
2016/03/22:09:58:14 1473902495 2519 2071 2118 43906
2016/03/22:10:48:57 1473902495 2519 2071 2118 43914
2016/03/22:11:48:41 1473902495 2519 2071 2118 43914
2016/03/23:07:41:23 1473902495 2519 2071 2546 12176
2016/03/23:09:08:36 1473902495 2519 2071 2546 12177
2016/03/23:12:52:47 1473902495 2519 2071 2544 14994
2016/03/23:13:51:23 1473902495 2519 2071 2544 14994
2016/03/23:17:32:49 1473902495 2519 2071 2544 17663
2016/03/23:18:43:58 1473902495 2519 2071 2544 17663
2016/03/23:19:52:37 1473902495 2519 2071 2544 21228
2016/03/23:21:05:25 1473902495 2519 2071 2543 21228
2016/03/23:21:53:59 1473902495 2519 2071 2542 21228
2016/03/23:22:50:42 1473902495 2519 2071 2542 27577
2016/03/24:07:37:55 1473902495 2519 2071 2129 25585
2016/03/24:09:46:19 1473902495 2519 2071 2118 25157
2016/03/24:10:50:49 1473902495 2519 2071 2118 25777
2016/03/24:12:01:24 1473902495 2519 2071 2118 25783
2016/03/24:13:45:46 1473902495 2519 2071 2118 25968
2016/03/24:14:55:47 1473902495 2519 2071 2118 32869
2016/03/24:16:40:40 1473902495 2519 2071 2118 32869
2016/03/24:18:27:08 1473902495 2519 2071 2118 41162
2016/03/24:20:37:11 1473902495 2519 2071 2118 15494
2016/03/24:22:40:18 1473902495 2519 2071 2118 16735
2016/03/25:07:31:38 1473902495 2519 2071 2118 32526
2016/03/25:09:06:55 1473902495 2519 2071 2118 36948
2016/03/25:21:33:21 1473902495 2519 2071 2118 20272
2016/03/26:09:49:45 1473902495 2519 2071 2118 21322
2016/03/26:13:07:29 1473902495 2519 2071 2129 23620
2016/03/26:17:44:13 1473902495 2519 2071 2118 31844
2016/03/26:20:14:49 1473902495 2519 2071 2118 39553
2016/03/27:13:37:12 1473902495 2519 2071 2118 28990
2016/03/28:18:18:00 1473902495 2519 2071 2118 67890
2016/03/28:20:08:04 1473902495 2519 2071 2118 73139
2016/03/28:21:11:58 1473902495 2519 2071 2118 73139
2016/03/29:06:22:52 1473902495 2519 2071 2118 106670
2016/03/29:07:30:31 1473902495 2519 2071 2118 106978
2016/03/29:10:38:55 1473902495 2519 2071 2118 112682
2016/03/29:14:55:45 1473902495 2519 2071 2118 112390
2016/03/29:16:10:43 1473902495 2519 2071 2118 113221
2016/03/29:19:06:27 1473902495 2519 2071 2118 117232
2016/03/29:21:28:33 1473902495 2519 2071 2118 122409
2016/03/30:08:57:52 1473902495 2519 2071 2129 62037
2016/03/30:13:11:48 1473902495 2519 2071 2129 62244
2016/03/30:15:36:37 1473902495 2519 2071 2118 61832
2016/03/30:16:19:24 1473902495 2519 2071 2118 61833
2016/03/30:18:37:46 1473902495 2519 2071 2118 73431
2016/03/30:20:46:30 1473902495 2519 2071 2118 85930
2016/03/31:06:44:37 1473902495 2519 2071 2129 20938
2016/03/31:08:29:50 1473902495 2519 2071 2129 27396
2016/03/31:09:18:02 1473902495 2519 2071 2118 27396
2016/03/31:12:17:57 1473902495 2519 2071 2118 30043
2016/03/31:13:24:16 1473902495 2519 2071 2118 30049
2016/03/31:14:14:27 1473902495 2519 2071 2129 35393
2016/03/31:16:08:55 1473902495 2519 2071 2129 14810
2016/03/31:20:55:27 1473902495 2519 2071 2118 8156
2016/04/01:07:05:19 1473902495 2519 2071 2118 18755
2016/04/01:08:16:04 1473902495 2519 2071 2118 19534
2016/04/01:09:05:38 1473902495 2519 2071 2118 19534
2016/04/01:16:08:52 1473902495 2519 2071 2118 27517
2016/04/01:17:15:38 1473902495 2519 2083 2118 27517
2016/04/01:18:14:37 1473902495 2519 2083 2118 27517
2016/04/01:19:12:43 1473902495 2519 2083 2118 34252
2016/04/01:21:04:37 1473902495 2519 2083 2118 40690
2016/04/01:22:15:16 1473902495 2519 2083 2118 40690
2016/04/02:07:51:29 1473902495 2519 2083 2118 26816
2016/04/02:09:03:28 1473902495 2519 2083 2118 27842
2016/04/02:19:43:07 1473902495 2519 2083 2118 15597
2016/04/02:22:11:29 1473902495 2519 2083 2118 18957
2016/04/03:08:40:06 1473902495 2519 2083 2118 35498
2016/04/03:09:34:18 1473902495 2519 2083 2118 35500
2016/04/04:19:29:23 1473902495 2519 2083 2118 26382
2016/04/04:22:10:19 1473902495 2519 2083 2118 33563
2016/04/05:06:40:38 1473902495 2519 2083 2129 13907
2016/04/05:14:50:36 1473902495 2519 2083 2547 17602
2016/04/05:15:43:08 1473902495 2519 2083 2547 21333
2016/04/05:21:21:26 1473902495 2519 2083 2544 15773
2016/04/06:06:38:28 1473902495 2519 2083 2542 20065
2016/04/06:10:25:06 1473902495 2519 2083 2542 21064
2016/04/06:14:11:18 1473902495 2519 2083 2540 24264
2016/04/06:22:34:43 1473902495 2519 2083 2540 53195
2016/04/07:06:57:47 1473902495 2519 2083 2539 23752
2016/04/07:17:03:58 1473902495 2519 2083 2539 13426
2016/04/07:18:20:44 1473902495 2519 2083 2539 17344
2016/04/08:10:05:04 1473902495 2519 2083 2539 23799
2016/04/09:07:35:58 1473902495 2519 2083 2539 66578
2016/04/10:06:42:08 1473902495 2519 2083 2539 103207
2016/04/10:08:14:10 1473902495 2519 2083 2539 101807
2016/04/10:09:51:00 1473902495 2519 2083 2539 101808
2016/04/10:10:25:28 1473902495 2519 2083 2539 101808
2016/04/10:11:02:52 1473902495 2519 2083 2539 98285
2016/04/10:15:52:08 1473902495 2519 2083 2539 96289
2016/04/10:21:20:56 1473902495 2519 2083 2539 102415
2016/04/11:00:38:44 1473902495 2519 2083 2539 111138
2016/04/11:06:26:24 1473902495 2519 2083 2539 31187
2016/04/11:08:27:09 1473902495 2519 2083 2539 35735
2016/04/11:12:39:52 1473902495 2519 2083 2539 43336
2016/04/12:06:48:27 1473902495 2519 2083 2539 30774
2016/04/12:07:50:24 1473902495 2519 2083 2539 30778
2016/04/12:09:10:05 1473902495 2519 2083 2539 31003
2016/04/12:12:46:59 1473902495 2519 2083 2539 31961
2016/04/12:21:17:25 1473902495 2519 2083 2537 12763
2016/04/13:07:56:12 1473902495 2519 2083 2532 27742
2016/04/13:11:10:28 1473902495 2519 2083 2530 27818
2016/04/13:14:50:06 1473902495 2519 2083 2528 13538
2016/04/13:15:42:07 1473902495 2519 2083 2528 13538
2016/04/13:19:56:39 1473902495 2519 2083 2527 11372
2016/04/14:06:28:59 1473902495 2519 2083 2522 10757
2016/04/14:08:18:22 1473902495 2519 2083 2521 10759
2016/04/14:09:10:48 1473902495 2519 2083 2521 11191
2016/04/15:11:40:15 1473902495 2519 2071 2520 18657
2016/04/17:18:51:14 1473902495 2519 2071 2511 41358
2016/04/17:21:34:40 1473902495 2519 2071 2511 15577
2016/04/18:07:46:01 1473902495 2519 2071 2511 33270
2016/04/18:09:08:52 1473902495 2519 2071 2511 33561
2016/11/27:12:04:33 1473902495 2519 1800 1924 141328
2016/12/22:10:09:13 1473902495 2519 1892 1925 56110
2016/12/22:12:04:34 1473902495 2519 1886 1925 59686
2016/12/24:17:42:33 1473902495 2519 1909 1924 105408
2016/12/24:20:11:21 1473902495 2519 1909 1924 105772
2016/12/24:23:02:20 1473902495 2519 1909 1924 105839
2016/12/25:11:14:58 1473902495 2519 1909 1924 101890
2016/12/25:20:43:53 1473902495 2519 1909 1924 108202
2016/12/26:14:54:48 1473902495 2519 1900 1924 116704
2016/12/26:15:37:25 1473902495 2519 1900 1924 116704
2016/12/26:16:37:26 1473902495 2519 1897 1924 122339
2016/12/26:18:37:19 1473902495 2519 1882 1924 124700
2016/12/26:23:07:22 1473902495 2519 1867 1924 137706
2016/12/27:00:07:25 1473902495 2519 1867 1924 139598
2016/12/27:01:07:20 1473902495 2519 1906 1924 139598
2016/12/27:02:07:20 1473902495 2519 1900 1924 143712
2016/12/27:03:07:22 1473902495 2519 1892 1924 144434
2016/12/27:04:07:23 1473902495 2519 1894 1924 144434
2016/12/27:05:07:23 1473902495 2519 1892 1924 145276
2016/12/27:07:07:22 1473902495 2519 1889 1924 144279
2016/12/27:08:07:25 1473902495 2519 1889 1924 143425
2016/12/27:09:07:24 1473902495 2519 1903 1924 141893
2016/12/27:10:07:24 1473902495 2519 1903 1924 141893
2016/12/27:11:07:22 1473902495 2519 1903 1924 141073
2016/12/27:12:07:24 1473902495 2519 1898 1924 140742
2016/12/27:13:07:22 1473902495 2519 1888 1924 140742
2016/12/27:14:07:23 1473902495 2519 1888 1924 144181
2016/12/27:16:07:22 1473902495 2519 1888 1924 145780
2016/12/27:17:07:24 1473902495 2519 1906 1924 150675
2016/12/27:18:07:20 1473902495 2519 1906 1924 150675
2016/12/27:20:07:20 1473902495 2519 1907 1924 34203
2016/12/27:21:07:22 1473902495 2519 1903 1924 40640
2016/12/27:22:07:26 1473902495 2519 1900 1924 40640
2016/12/27:23:07:21 1473902495 2519 1909 1924 51524
2016/12/28:01:07:22 1473902495 2519 1909 1924 57119
2016/12/28:02:07:18 1473902495 2519 1909 1924 66604
2016/12/28:04:07:21 1473902495 2519 1909 1924 69878
2016/12/28:05:07:16 1473902495 2519 1909 1924 72600
2016/12/28:06:07:19 1473902495 2519 1909 1924 72883
2016/12/28:08:07:19 1473902495 2519 1909 1924 73139
2016/12/28:10:07:19 1473902495 2519 1909 1924 72694
2016/12/28:12:07:18 1473902495 2519 1909 1924 74584
2016/12/28:14:07:18 1473902495 2519 1909 1924 80944
2016/12/28:17:07:19 1473902495 2519 1909 1924 23289
2016/12/28:18:07:17 1473902495 2519 1909 1924 23289
2016/12/28:19:07:21 1473902495 2519 1909 1924 23289
2016/12/28:21:07:17 1473902495 2519 1909 1924 18431
2016/12/28:22:07:16 1473902495 2519 1909 1924 18431
2016/12/29:00:07:18 1473902495 2519 1909 1880 24866
2016/12/29:01:07:18 1473902495 2519 1909 1880 24866
2016/12/29:02:07:17 1473902495 2519 1909 1880 29292
2016/12/29:03:07:19 1473902495 2519 1909 1880 31085
2016/12/29:04:07:21 1473902495 2519 1909 1880 31085
2016/12/29:05:07:16 1473902495 2519 1909 1880 33085
2016/12/29:06:07:17 1473902495 2519 1909 1880 33573
2016/12/29:07:07:18 1473902495 2519 1909 1880 33573
2016/12/29:08:07:20 1473902495 2519 1907 1880 34270
2016/12/29:10:07:19 1473902495 2519 1891 1880 34492
2016/12/29:11:07:19 1473902495 2519 1888 1880 36311
2016/12/29:12:07:19 1473902495 2519 1888 1880 38733
2016/12/29:14:07:19 1473902495 2519 1882 1880 47510
2016/12/29:15:07:26 1473902495 2519 1876 1879 53283
2016/12/29:16:07:23 1473902495 2519 1876 1879 53283
2016/12/29:17:07:21 1473902495 2519 1868 1879 63817
2016/12/29:18:07:23 1473902495 2519 1865 1879 68730
2016/12/29:19:07:16 1473902495 2519 1865 1879 68730
2016/12/29:20:07:20 1473902495 2519 1867 1879 78290
2016/12/29:21:07:15 1473902495 2519 1867 1879 82629
2016/12/29:22:07:22 1473902495 2519 1867 1879 82629
2016/12/29:23:07:23 1473902495 2519 1903 1879 23170
2016/12/30:00:07:17 1473902495 2519 1900 1879 25572
2016/12/30:01:07:21 1473902495 2519 1900 1879 25572
2016/12/30:02:07:19 1473902495 2519 1900 1879 30148
2016/12/30:04:07:21 1473902495 2519 1903 1880 32001
2016/12/30:05:07:17 1473902495 2519 1903 1880 34455
2016/12/30:06:07:20 1473902495 2519 1903 1880 34953
2016/12/30:08:07:21 1473902495 2519 1901 1880 35776
2016/12/30:10:07:27 1473902495 2519 1903 1880 36075
2016/12/30:11:07:18 1473902495 2519 1903 1880 38152
2016/12/30:12:07:20 1473902495 2519 1904 1880 40686
2016/12/30:13:07:16 1473902495 2519 1897 1880 40686
2016/12/30:14:07:34 1473902495 2519 1897 1880 50045
2016/12/30:16:07:24 1473902495 2519 1903 1880 55884
2016/12/30:17:07:22 1473902495 2519 1897 1880 66318
2016/12/30:18:07:20 1473902495 2519 1909 1880 71468
2016/12/30:19:07:29 1473902495 2519 1900 1880 71468
2016/12/30:20:07:17 1473902495 2519 1894 1880 81425
2016/12/30:21:07:18 1473902495 2519 1889 1880 85612
2016/12/30:22:07:22 1473902495 2519 1888 1880 85612
2016/12/30:23:07:17 1473902495 2519 1888 1880 92771
2016/12/31:00:07:18 1473902495 2519 1906 1880 95145
2016/12/31:01:07:18 1473902495 2519 1906 1880 95145
2016/12/31:02:07:18 1473902495 2519 1906 1880 25541
2016/12/31:03:07:17 1473902495 2519 1909 1880 27303
2016/12/31:04:07:18 1473902495 2519 1901 1880 27303
2016/12/31:05:07:18 1473902495 2519 1900 1880 29301
2016/12/31:06:07:20 1473902495 2519 1900 1880 30049
2016/12/31:07:07:19 1473902495 2519 1900 1880 30049
2016/12/31:08:07:21 1473902495 2519 1900 1880 31017
2016/12/31:09:07:20 1473902495 2519 1900 1880 31695
2016/12/31:10:07:22 1473902495 2519 1894 1880 31695
2016/12/31:11:07:17 1473902495 2519 1886 1880 33563
2016/12/31:12:07:18 1473902495 2519 1882 1880 35817
2016/12/31:13:07:19 1473902495 2519 1882 1880 35817
2016/12/31:14:07:17 1473902495 2519 1909 1880 43396
2016/12/31:15:07:38 1473902495 2519 1907 1880 48428
2016/12/31:16:07:22 1473902495 2519 1907 1880 48428
2016/12/31:17:07:20 1473902495 2519 1907 1880 57783
2016/12/31:18:07:23 1473902495 2519 1907 1880 62577
2016/12/31:20:07:19 1473902495 2519 1906 1880 70863
2017/01/01:20:07:16 1473902495 2519 1868 1879 93329
2017/01/01:21:07:19 1473902495 2519 1868 1879 96808
2017/01/01:22:07:18 1473902495 2519 1868 1879 96808
2017/01/01:23:07:16 1473902495 2519 1864 1879 103976
2017/01/02:00:07:21 1473902495 2519 1864 1879 107399
2017/01/02:01:07:21 1473902495 2519 1864 1880 107399
2017/01/02:02:07:20 1473902495 2519 1864 1880 114187
2017/01/02:03:07:17 1473902495 2519 1866 1880 116479
2017/01/02:04:07:20 1473902495 2519 1866 1880 116479
2017/01/02:05:07:21 1473902495 2519 1866 1880 119054
2017/01/02:06:07:18 1473902495 2519 1866 1880 119336
2017/01/02:07:07:19 1473902495 2519 1866 1880 119336
2017/01/02:08:07:19 1473902495 2519 1866 1880 119669
2017/01/02:09:07:21 1473902495 2519 1866 1880 119562
2017/01/02:10:07:21 1473902495 2519 1866 1880 119562
2017/01/02:11:07:23 1473902495 2519 1866 1880 120214
2017/01/02:12:07:17 1473902495 2519 1866 1880 120951
2017/01/02:16:07:15 1473902495 2519 1866 1880 129298
2017/01/02:17:07:12 1473902495 2519 1866 1880 135872
2017/01/02:18:07:17 1473902495 2519 1866 1880 138242
2017/01/02:19:07:15 1473902495 2519 1866 1880 138242
2017/01/02:20:07:17 1473902495 2519 1866 1880 145278
2017/01/02:21:07:17 1473902495 2519 1866 1880 147894
2017/01/02:22:07:14 1473902495 2519 1866 1880 147894
2017/01/29:12:09:04 1473902495 2519 1868 2002 31419
2017/01/29:12:46:26 1473902495 2519 1868 2002 31419
