Time: ISBN: Retail-Price: Lowest-New-Price: Lowest-Used-Price: Sales-Rank 
2016/02/10:15:17:59 1593854560 3151 2393 2394 288043
2016/02/10:17:04:56 1593854560 3151 2393 2394 282349
2016/02/10:18:29:44 1593854560 3151 2393 2394 282450
2016/02/10:22:28:35 1593854560 3151 2394 2394 280803
2016/02/11:07:46:40 1593854560 3151 2293 2293 285697
2016/02/11:09:36:54 1593854560 3151 2292 2293 296099
2016/02/11:10:03:34 1593854560 3151 2292 2293 296099
2016/02/11:11:54:08 1593854560 3151 2292 2293 293292
2016/02/11:12:03:33 1593854560 3151 2292 2293 293292
2016/02/11:12:10:17 1593854560 3151 2292 2293 293292
2016/02/11:12:55:02 1593854560 3151 2292 2293 293292
2016/02/11:14:08:14 1593854560 3151 2292 2293 290548
2016/02/11:15:27:31 1593854560 3151 2292 2293 287405
2016/02/11:17:13:31 1593854560 3151 2292 2293 286016
2016/02/11:19:01:54 1593854560 3260 2192 2192 286102
2016/02/11:22:07:02 1593854560 3260 2192 2192 284590
2016/02/12:07:33:59 1593854560 3260 2192 2192 286697
2016/02/12:09:23:16 1593854560 3260 2192 2192 293099
2016/02/13:12:46:01 1593854560 3260 2506 2437 284889
2016/02/13:13:29:23 1593854560 3260 2505 2437 281318
2016/02/13:13:37:40 1593854560 3260 2505 2437 281318
2016/02/13:15:23:06 1593854560 3260 2505 2437 278681
2016/02/18:17:20:44 1593854560 3176 2534 2537 72298
2016/02/18:18:06:53 1593854560 3176 2534 2537 72400
2016/02/18:19:14:42 1593854560 3176 2534 2537 74887
2016/02/18:20:43:23 1593854560 3176 2533 2537 75025
2016/02/18:21:45:27 1593854560 3176 2534 2537 90128
2016/02/18:22:43:05 1593854560 3176 2533 2537 90271
2016/02/19:07:51:21 1593854560 3176 2533 2537 127517
2016/02/19:09:37:18 1593854560 3176 2533 2537 128440
2016/02/19:11:28:39 1593854560 3176 2433 2537 137577
2016/02/19:13:06:01 1593854560 3176 2432 2533 139714
2016/02/19:15:02:56 1593854560 3176 2332 2533 139714
2016/02/19:16:52:45 1593854560 3176 2646 2533 143330
2016/02/19:17:25:14 1593854560 3176 2546 2533 150124
2016/02/19:17:41:41 1593854560 3176 2546 2533 150124
2016/02/19:19:31:08 1593854560 3176 2445 2533 150123
2016/02/19:20:28:12 1593854560 3176 2444 2533 150121
2016/02/19:22:13:46 1593854560 3176 2445 2533 160698
2016/02/20:02:02:23 1593854560 3176 2648 2533 166432
2016/02/20:06:09:57 1593854560 3176 2546 2533 179391
2016/02/20:09:18:36 1593854560 3176 2646 2533 183884
2016/02/20:10:36:00 1593854560 3176 2545 2533 184214
2016/02/20:11:15:18 1593854560 3176 2445 2533 183140
2016/02/20:12:08:24 1593854560 3176 2542 2533 183250
2016/02/20:13:06:25 1593854560 3176 2646 2444 183250
2016/02/20:14:27:56 1593854560 3176 2546 2444 181515
2016/02/20:15:38:56 1593854560 3176 2546 2444 181515
2016/02/20:16:53:16 1593854560 3176 2642 2444 181186
2016/02/20:18:48:14 1593854560 3176 2542 2444 183812
2016/02/20:19:39:49 1593854560 3176 2542 2444 181465
2016/02/20:21:20:47 1593854560 3176 2441 2444 181465
2016/02/20:21:44:22 1593854560 3176 2441 2444 188347
2016/02/21:02:25:21 1593854560 3176 2546 2444 196983
2016/02/21:09:45:56 1593854560 3176 2646 2444 208144
2016/02/21:10:53:09 1593854560 3176 2647 2444 208144
2016/02/21:11:44:09 1593854560 3176 2646 2444 208144
2016/02/21:14:14:09 1593854560 3176 2546 2444 207730
2016/02/21:14:59:40 1593854560 3176 2546 2444 208000
2016/02/21:17:21:16 1593854560 3176 2546 2444 211442
2016/02/21:17:45:19 1593854560 3176 2546 2444 211442
2016/02/21:18:15:46 1593854560 3176 2546 2444 211488
2016/02/21:20:15:28 1593854560 3176 2648 2444 209503
2016/02/21:22:03:01 1593854560 3176 2546 2444 215586
2016/02/21:22:27:19 1593854560 3176 2545 2444 215586
2016/02/21:23:38:01 1593854560 3176 2445 2444 212676
2016/02/22:07:49:42 1593854560 3176 2647 2536 230076
2016/02/22:09:53:12 1593854560 3176 2647 2536 227384
2016/02/22:11:04:19 1593854560 3176 2647 2536 228572
2016/02/22:12:02:02 1593854560 3176 2647 2536 228572
2016/02/22:15:22:34 1593854560 3176 2646 2536 226001
2016/02/22:16:45:16 1593854560 3176 2647 2536 226050
2016/02/23:09:33:23 1593854560 3176 2546 2536 91777
2016/02/23:10:59:42 1593854560 3176 2546 2536 102681
2016/02/23:12:02:36 1593854560 3176 2546 2536 102585
2016/02/23:13:53:08 1593854560 3176 2546 2536 103609
2016/02/23:15:08:40 1593854560 3176 2546 2536 105127
2016/02/23:16:07:26 1593854560 3176 2446 2536 105127
2016/02/23:17:28:04 1593854560 3176 2446 2536 110278
2016/02/24:09:17:06 1593854560 3176 2547 2536 155563
2016/02/24:11:15:32 1593854560 3176 2446 2536 157327
2016/02/24:11:19:50 1593854560 3176 2446 2536 157327
2016/02/24:13:10:05 1593854560 3176 2542 2536 156682
2016/02/24:14:14:25 1593854560 3176 2542 2536 156896
2016/02/24:16:49:47 1593854560 3176 2538 2536 156896
2016/02/24:19:42:41 1593854560 3176 2435 2536 162425
2016/02/24:21:11:08 1593854560 3176 2532 2536 180155
2016/02/24:22:44:08 1593854560 3176 2531 2536 180154
2016/02/24:23:06:59 1593854560 3176 2531 2536 180154
2016/02/25:08:07:35 1593854560 3176 2444 2536 204051
2016/02/25:09:01:05 1593854560 3176 2344 2536 204579
2016/02/25:10:11:09 1593854560 3176 2243 2536 204216
2016/02/25:11:36:17 1593854560 3176 2243 2536 203937
2016/02/25:15:21:08 1593854560 3176 2547 2536 202587
2016/02/25:16:53:33 1593854560 3176 2543 2536 202588
2016/02/25:19:03:23 1593854560 3176 2540 2536 205719
2016/02/25:21:35:54 1593854560 3130 2537 2536 210471
2016/02/25:22:33:01 1593854560 3130 2533 2536 210471
2016/02/26:07:32:24 1593854560 3130 2542 2536 227802
2016/02/26:08:49:16 1593854560 3130 2441 2536 228421
2016/02/26:09:51:45 1593854560 3130 2440 2536 227189
2016/02/26:10:52:59 1593854560 3130 2440 2536 227489
2016/02/26:13:21:28 1593854560 3130 2440 2536 228373
2016/02/26:15:30:01 1593854560 3130 2440 2536 231579
2016/02/26:19:54:11 1593854560 3130 2339 2536 234978
2016/02/26:22:49:39 1593854560 3130 2340 2537 241837
2016/02/26:23:52:11 1593854560 3130 2340 2537 241837
2016/02/27:08:09:56 1593854560 3130 2339 2537 60861
2016/02/27:09:41:02 1593854560 3130 2339 2537 67837
2016/02/27:10:41:29 1593854560 3130 2339 2537 68088
2016/02/27:12:20:39 1593854560 3130 2339 2537 69509
2016/02/27:14:26:00 1593854560 3130 2239 2537 71410
2016/02/27:16:32:58 1593854560 3130 2239 2537 73058
2016/02/27:17:08:18 1593854560 3130 2239 2537 73086
2016/02/27:17:50:02 1593854560 3130 2239 2537 73086
2016/02/27:19:44:08 1593854560 3130 2239 2537 79279
2016/02/27:23:56:49 1593854560 3130 2239 2537 100355
2016/02/28:00:28:33 1593854560 3130 2239 2537 100846
2016/02/28:03:42:58 1593854560 3130 2647 2537 117271
2016/02/28:10:27:32 1593854560 3130 2648 2537 135937
2016/02/28:11:15:23 1593854560 3130 2648 2536 136347
2016/02/28:13:18:24 1593854560 3130 2648 2536 136887
2016/02/28:17:22:50 1593854560 3130 2648 2536 142890
2016/02/28:19:34:38 1593854560 3130 2548 2536 149539
2016/02/28:20:49:31 1593854560 3130 2548 2536 149734
2016/02/28:22:21:02 1593854560 3130 2547 2536 159202
2016/02/28:23:00:53 1593854560 3130 2547 2536 159406
2016/02/29:09:26:56 1593854560 3130 2547 2536 184834
2016/02/29:10:34:56 1593854560 3130 2547 2536 182740
2016/02/29:11:56:45 1593854560 3130 2547 2536 182801
2016/02/29:12:25:47 1593854560 3130 2547 2536 183466
2016/02/29:12:45:05 1593854560 3130 2447 2536 183466
2016/02/29:13:48:49 1593854560 3130 2447 2536 183557
2016/02/29:15:25:07 1593854560 3130 2447 2536 181682
2016/02/29:15:46:32 1593854560 3130 2447 2536 182264
2016/02/29:16:21:08 1593854560 3130 2646 2536 182264
2016/03/01:02:14:59 1593854560 3130 2344 2537 204386
2016/03/01:09:31:20 1593854560 3130 2343 2537 220817
2016/03/01:11:55:45 1593854560 3130 2343 2537 224014
2016/03/01:14:52:59 1593854560 3130 2343 2537 223800
2016/03/01:15:18:30 1593854560 3130 2343 2537 224034
2016/03/01:18:41:56 1593854560 3130 2343 2537 229202
2016/03/01:20:02:32 1593854560 3130 2343 2537 229265
2016/03/01:21:01:26 1593854560 3130 2343 2537 237385
2016/03/01:21:53:30 1593854560 3130 2343 2537 234762
2016/03/01:23:09:05 1593854560 3130 2343 2537 234984
2016/03/01:23:24:35 1593854560 3130 2343 2537 234984
2016/03/02:07:25:18 1593854560 3130 2343 2537 249457
2016/03/02:09:39:49 1593854560 3130 2343 2537 245917
2016/03/02:12:00:10 1593854560 3130 2343 2537 249194
2016/03/02:12:48:22 1593854560 3130 2343 2537 246801
2016/03/02:15:52:31 1593854560 3130 2343 2537 245104
2016/03/02:16:47:50 1593854560 3130 2343 2537 245986
2016/03/02:18:43:33 1593854560 3130 2243 2537 250360
2016/03/02:19:15:45 1593854560 3130 2243 2537 250395
2016/03/02:19:30:44 1593854560 3130 2243 2537 250395
2016/03/02:19:37:47 1593854560 3130 2243 2537 250395
2016/03/02:20:32:46 1593854560 3130 2243 2537 258595
2016/03/02:21:22:38 1593854560 3130 2243 2537 258875
2016/03/02:23:06:04 1593854560 3130 2243 2537 257416
2016/03/03:09:25:04 1593854560 3130 2627 2537 264007
2016/03/03:10:20:43 1593854560 3130 2627 2537 264007
2016/03/03:10:35:51 1593854560 3151 2627 2537 266675
2016/03/03:11:37:15 1593854560 3151 2623 2537 266675
2016/03/03:12:13:17 1593854560 3151 2623 2537 266675
2016/03/03:12:37:10 1593854560 3151 2623 2537 266675
2016/03/03:12:59:44 1593854560 3151 2623 2537 262730
2016/03/03:15:11:40 1593854560 3151 2628 2537 258286
2016/03/03:17:10:34 1593854560 3151 2628 2537 256350
2016/03/03:17:44:27 1593854560 3151 2628 2537 256350
2016/03/03:18:03:46 1593854560 3151 2628 2537 256350
2016/03/03:18:30:26 1593854560 3151 2628 2537 258922
2016/03/03:19:53:31 1593854560 3151 2527 2537 259033
2016/03/03:20:39:48 1593854560 3151 2527 2537 265765
2016/03/04:07:31:38 1593854560 3151 2527 2537 275546
2016/03/04:09:10:04 1593854560 3151 2526 2537 277244
2016/03/04:09:44:59 1593854560 3151 2526 2537 277244
2016/03/04:11:05:57 1593854560 3151 2426 2537 277333
2016/03/04:11:33:19 1593854560 3151 2426 2537 273020
2016/03/04:11:51:56 1593854560 3151 2425 2537 273020
2016/03/04:13:03:02 1593854560 3151 2426 2537 268168
2016/03/04:16:23:13 1593854560 3151 2425 2537 265191
2016/03/04:17:00:59 1593854560 3151 2425 2537 263996
2016/03/04:19:25:08 1593854560 3151 2425 2537 265052
2016/03/04:20:04:31 1593854560 3151 2425 2537 265052
2016/03/04:21:11:53 1593854560 3151 2425 2537 269820
2016/03/04:22:34:01 1593854560 3151 2425 2525 269820
2016/03/04:23:29:03 1593854560 3151 2425 2525 267532
2016/03/05:08:39:07 1593854560 3151 2425 2525 274878
2016/03/05:09:55:20 1593854560 3151 2425 2525 274796
2016/03/05:10:53:33 1593854560 3151 2425 2525 274796
2016/03/05:11:48:49 1593854560 3151 2425 2525 270807
2016/03/05:12:13:12 1593854560 3151 2425 2525 270807
2016/03/05:12:33:30 1593854560 3151 2425 2525 270807
2016/03/05:12:49:20 1593854560 3151 2425 2525 270807
2016/03/05:17:35:10 1593854560 3151 2324 2525 260410
2016/03/05:19:24:40 1593854560 3151 2324 2525 260454
2016/03/05:20:13:39 1593854560 3151 2325 2537 259937
2016/03/05:21:44:15 1593854560 3151 2325 2537 262243
2016/03/05:23:05:03 1593854560 3151 2325 2537 262243
2016/03/06:03:45:24 1593854560 3151 2324 2537 44776
2016/03/06:08:32:04 1593854560 3151 2324 2537 64351
2016/03/06:09:35:54 1593854560 3151 2324 2537 71102
2016/03/06:10:28:18 1593854560 3151 2324 2537 71383
2016/03/06:11:23:26 1593854560 3151 2324 2537 73066
2016/03/06:13:29:40 1593854560 3151 2324 2537 73129
2016/03/06:14:24:26 1593854560 3151 2324 2537 75915
2016/03/06:14:39:27 1593854560 3151 2324 2537 75915
2016/03/06:15:47:01 1593854560 3151 2324 2537 76089
2016/03/06:16:30:11 1593854560 3151 2324 2537 78948
2016/03/06:17:44:36 1593854560 3151 2324 2537 86148
2016/03/06:20:41:53 1593854560 3151 2324 2537 86574
2016/03/06:22:27:03 1593854560 3151 2224 2537 98146
2016/03/06:22:50:54 1593854560 3151 2224 2537 98177
2016/03/06:23:02:35 1593854560 3151 2224 2537 98177
2016/03/07:07:31:49 1593854560 3151 2648 2537 134695
2016/03/07:09:22:24 1593854560 3151 2648 2537 135056
2016/03/07:10:46:35 1593854560 3151 2648 2537 134631
2016/03/07:11:25:06 1593854560 3151 2648 2537 135261
2016/03/07:12:29:18 1593854560 3151 2647 2537 139907
2016/03/07:13:55:11 1593854560 3151 2648 2537 142074
2016/03/07:15:24:22 1593854560 3151 2648 2537 142074
2016/03/07:16:14:00 1593854560 3151 2648 2537 147250
2016/03/07:16:51:27 1593854560 3151 2648 2537 147525
2016/03/07:19:03:58 1593854560 3151 2648 2537 147599
2016/03/07:22:35:48 1593854560 3151 2548 2537 167151
2016/03/07:23:42:54 1593854560 3151 2547 2537 167418
2016/03/08:07:37:09 1593854560 3151 2548 2537 192964
2016/03/08:08:59:49 1593854560 3151 2548 2537 191913
2016/03/08:11:50:12 1593854560 3151 2546 2537 192678
2016/03/08:13:07:19 1593854560 3151 2547 2537 192677
2016/03/08:14:34:46 1593854560 3151 2446 2537 192212
2016/03/08:17:10:06 1593854560 3151 2446 2537 194760
2016/03/08:19:37:14 1593854560 3151 2445 2537 194734
2016/03/09:07:41:33 1593854560 3151 2346 2444 221600
2016/03/09:09:51:55 1593854560 3151 2345 2444 220927
2016/03/09:10:47:25 1593854560 3151 2345 2444 223857
2016/03/09:14:57:19 1593854560 3151 2345 2444 225902
2016/03/09:15:48:20 1593854560 3151 2345 2444 225931
2016/03/09:18:36:30 1593854560 3151 2345 2444 228352
2016/03/09:19:53:52 1593854560 3151 2345 2444 228442
2016/03/09:20:21:48 1593854560 3151 2345 2444 228442
2016/03/09:21:10:26 1593854560 3151 2345 2444 235441
2016/03/09:22:27:29 1593854560 3151 2345 2444 235511
2016/03/09:22:39:25 1593854560 3151 2345 2444 235511
2016/03/09:23:19:30 1593854560 3151 2345 2444 232499
2016/03/09:23:40:42 1593854560 3151 2345 2444 232499
2016/03/10:04:58:24 1593854560 3151 2245 2444 246788
2016/03/10:07:45:25 1593854560 3151 2245 2444 243472
2016/03/10:09:31:50 1593854560 3151 2245 2444 245589
2016/03/10:10:38:31 1593854560 3151 2245 2444 245587
2016/03/10:11:01:46 1593854560 3151 2245 2444 242725
2016/03/10:11:52:33 1593854560 3151 2245 2444 242725
2016/03/10:12:20:03 1593854560 3151 2245 2444 242724
2016/03/10:13:45:37 1593854560 3151 2245 2444 239464
2016/03/10:13:58:48 1593854560 3151 2245 2444 239464
2016/03/10:15:24:44 1593854560 3151 2245 2537 238073
2016/03/10:16:33:56 1593854560 3151 2630 2537 238139
2016/03/10:19:11:11 1593854560 3151 2622 2537 244170
2016/03/10:20:14:45 1593854560 3151 2622 2537 244441
2016/03/10:22:49:49 1593854560 3151 2630 2537 251547
2016/03/11:07:42:37 1593854560 2986 2531 2537 256185
2016/03/11:09:43:40 1593854560 2986 2529 2537 258225
2016/03/11:13:35:43 1593854560 2986 2530 2537 250656
2016/03/11:15:43:04 1593854560 2986 2529 2537 248808
2016/03/11:16:41:55 1593854560 2986 2529 2537 248853
2016/03/11:17:23:18 1593854560 2986 2530 2537 249364
2016/03/11:19:29:54 1593854560 2986 2530 2537 249400
2016/03/11:22:42:06 1593854560 2986 2530 2537 251694
2016/03/12:12:06:03 1593854560 2986 2428 2427 255048
2016/03/12:13:41:34 1593854560 2986 2428 2427 250962
2016/03/12:18:48:05 1593854560 2986 2327 2427 247795
2016/03/13:09:23:08 1593854560 2986 2327 2427 254998
2016/03/13:11:07:52 1593854560 2986 2227 2427 252808
2016/03/13:16:15:36 1593854560 2986 2227 2427 244773
2016/03/13:18:09:27 1593854560 2986 2227 2427 241526
2016/03/13:19:39:53 1593854560 2986 2227 2427 241569
2016/03/13:22:38:16 1593854560 2986 2227 2537 242659
2016/03/14:07:42:18 1593854560 2986 2599 2537 244424
2016/03/14:08:53:25 1593854560 2986 2599 2537 251700
2016/03/14:09:31:31 1593854560 2986 2600 2537 251700
2016/03/14:10:08:02 1593854560 2986 2600 2537 251700
2016/03/15:14:34:18 1593854560 2986 2603 2537 253359
2016/03/15:17:17:21 1593854560 2986 2502 2400 252155
2016/03/15:18:35:18 1593854560 2986 2502 2400 253763
2016/03/15:19:59:24 1593854560 2986 2402 2400 249757
2016/03/15:20:34:05 1593854560 2986 2402 2400 249757
2016/03/15:22:29:10 1593854560 2986 2402 2400 254727
2016/03/16:00:20:13 1593854560 2986 2401 2400 259191
2016/03/16:07:58:01 1593854560 2986 2200 2400 263435
2016/03/16:21:24:26 1593854560 2986 2603 2400 263370
2016/03/16:23:11:43 1593854560 2986 2503 2400 263574
2016/03/17:07:17:21 1593854560 2986 2401 2400 274512
2016/03/17:08:44:04 1593854560 2986 2401 2400 270814
2016/03/17:13:33:19 1593854560 2986 2301 2400 271544
2016/03/17:14:23:42 1593854560 2986 2301 2400 267698
2016/03/17:15:49:17 1593854560 2986 2300 2400 267931
2016/03/17:17:07:55 1593854560 2986 2300 2400 266016
2016/03/17:18:09:54 1593854560 2986 2301 2399 266054
2016/03/17:22:13:37 1593854560 2986 2300 2399 264797
2016/03/18:07:28:41 1593854560 2986 2200 2399 274124
2016/03/18:08:40:52 1593854560 2986 2200 2399 272306
2016/03/18:13:32:17 1593854560 2986 2200 2399 268753
2016/03/19:00:24:53 1593854560 2986 2385 2400 265060
2016/03/19:10:28:58 1593854560 2986 2603 2400 268285
2016/03/19:12:03:29 1593854560 2986 2603 2400 265420
2016/03/19:12:55:49 1593854560 2986 2603 2400 265670
2016/03/19:14:14:25 1593854560 2986 2501 2400 261800
2016/03/19:20:49:06 1593854560 2986 2400 2400 261053
2016/03/19:23:26:52 1593854560 2986 2300 2400 256777
2016/03/20:07:58:45 1593854560 2986 2199 2400 261430
2016/03/20:09:39:42 1593854560 2986 2199 2400 261430
2016/03/20:12:00:06 1593854560 2986 2199 2400 261223
2016/03/20:13:29:54 1593854560 2986 2199 2400 255080
2016/03/20:14:27:27 1593854560 2986 2199 2400 255080
2016/03/20:17:50:39 1593854560 2986 2199 2400 254769
2016/03/20:19:49:50 1593854560 2986 2199 2400 250213
2016/03/20:21:38:00 1593854560 2986 2588 2400 250372
2016/03/21:07:59:49 1593854560 2986 2589 2400 259945
2016/03/21:09:09:48 1593854560 2986 2589 2400 259945
2016/03/21:10:00:36 1593854560 2986 2589 2400 257766
2016/03/21:17:45:47 1593854560 2986 2577 2400 252563
2016/03/21:19:05:47 1593854560 2986 2577 2400 253268
2016/03/21:22:52:31 1593854560 2986 2578 2399 253321
2016/03/22:09:58:57 1593854560 2986 2566 2399 264779
2016/03/22:10:49:40 1593854560 2986 2566 2399 265226
2016/03/22:11:49:24 1593854560 2986 2566 2399 263205
2016/03/23:07:42:19 1593854560 2986 2555 2400 267537
2016/03/23:09:09:30 1593854560 2986 2555 2400 268054
2016/03/23:12:53:41 1593854560 2986 2555 2400 269535
2016/03/23:13:52:17 1593854560 2986 2544 2400 269534
2016/03/23:17:33:41 1593854560 2986 2532 2400 265764
2016/03/23:18:44:49 1593854560 2986 2532 2400 265764
2016/03/23:19:53:28 1593854560 2986 2533 2400 266367
2016/03/23:21:06:16 1593854560 2986 2509 2400 266367
2016/03/23:21:54:50 1593854560 2986 2510 2400 269401
2016/03/23:22:51:35 1593854560 2986 2510 2400 269401
2016/03/24:07:38:52 1593854560 2986 2498 2400 80359
2016/03/24:09:47:15 1593854560 2986 2487 2400 82646
2016/03/24:10:51:45 1593854560 2986 2475 2400 86356
2016/03/24:12:02:21 1593854560 2986 2476 2400 86633
2016/03/24:13:46:42 1593854560 2986 2464 2400 88316
2016/03/24:14:56:43 1593854560 2986 2465 2400 94788
2016/03/24:16:41:37 1593854560 2986 2465 2400 94890
2016/03/24:18:28:04 1593854560 2986 2455 2400 102988
2016/03/24:20:38:07 1593854560 2986 2444 2400 109365
2016/03/24:22:41:15 1593854560 2986 2443 2400 111601
2016/03/25:07:32:35 1593854560 2986 2411 2400 141972
2016/03/25:09:07:51 1593854560 2986 2410 2400 147626
2016/03/25:21:34:20 1593854560 2986 2692 2400 163048
2016/03/26:09:50:42 1593854560 2986 2659 2400 182977
2016/03/26:13:08:25 1593854560 2986 2647 2400 182205
2016/03/26:17:45:10 1593854560 2986 2637 2400 181905
2016/03/26:20:15:44 1593854560 2986 2636 2400 184116
2016/03/27:13:38:09 1593854560 2986 2578 2400 194435
2016/03/28:18:18:57 1593854560 2986 2500 2400 204407
2016/03/28:20:09:00 1593854560 2986 2488 2400 207352
2016/03/28:21:12:55 1593854560 2986 2489 2400 207352
2016/03/29:06:23:49 1593854560 2986 2454 2400 225196
2016/03/29:07:31:28 1593854560 2986 2455 2400 225196
2016/03/29:10:39:51 1593854560 2986 2444 2400 226897
2016/03/29:14:56:41 1593854560 2986 2434 2400 221486
2016/03/29:16:11:39 1593854560 2986 2692 2400 218555
2016/03/29:19:07:23 1593854560 2986 2681 2400 219860
2016/03/29:21:29:30 1593854560 2986 2681 2400 222352
2016/03/30:08:58:49 1593854560 2986 2636 2400 245210
2016/03/30:13:12:44 1593854560 2986 2627 2400 241992
2016/03/30:15:37:34 1593854560 2986 2614 2400 239452
2016/03/30:16:20:16 1593854560 2986 2614 2400 239452
2016/03/30:18:38:38 1593854560 2986 2615 2400 240938
2016/03/30:20:47:22 1593854560 2986 2604 2400 245164
2016/03/31:06:45:28 1593854560 2986 2569 2400 252218
2016/03/31:08:30:41 1593854560 2986 2570 2400 259203
2016/03/31:09:18:53 1593854560 2986 2560 2400 259203
2016/03/31:12:18:49 1593854560 2986 2558 2400 257397
2016/03/31:13:25:09 1593854560 2986 2546 2400 256780
2016/03/31:14:15:18 1593854560 2986 2546 2400 256780
2016/03/31:16:09:46 1593854560 2986 2534 2400 257568
2016/03/31:20:56:19 1593854560 2986 2511 2400 260207
2016/04/01:07:06:11 1593854560 2986 2490 2400 268669
2016/04/01:08:16:56 1593854560 2986 2478 2400 268669
2016/04/01:09:06:30 1593854560 2986 2478 2400 268368
2016/04/01:16:09:44 1593854560 2986 2456 2400 261909
2016/04/01:17:16:30 1593854560 2986 2456 2400 261909
2016/04/01:18:15:28 1593854560 2986 2446 2400 261909
2016/04/01:19:13:34 1593854560 2986 2446 2400 262389
2016/04/01:21:05:29 1593854560 2986 2445 2400 262924
2016/04/01:22:16:07 1593854560 2986 2435 2400 262924
2016/04/02:07:52:21 1593854560 2986 2412 2400 267852
2016/04/02:09:04:20 1593854560 2986 2402 2400 267496
2016/04/02:19:44:00 1593854560 2986 2369 2400 260795
2016/04/02:22:12:21 1593854560 2986 2368 2400 260547
2016/04/03:08:40:57 1593854560 2986 2335 2400 260638
2016/04/03:09:35:09 1593854560 2986 2325 2400 260852
2016/04/04:19:30:15 1593854560 2986 2646 2400 256402
2016/04/04:22:11:11 1593854560 2986 2635 2400 258240
2016/04/05:06:41:30 1593854560 2986 2611 2400 63977
2016/04/05:14:51:28 1593854560 2986 2589 2400 74108
2016/04/05:15:43:59 1593854560 2986 2576 2400 81113
2016/04/05:21:22:19 1593854560 2986 2565 2400 100331
2016/04/06:06:39:20 1593854560 2986 2529 2400 139041
2016/04/06:10:25:57 1593854560 2986 2517 2400 142801
2016/04/06:14:12:10 1593854560 2986 2506 2400 146669
2016/04/06:22:35:35 1593854560 2986 2484 2400 176145
2016/04/07:06:58:39 1593854560 2986 2462 2400 194934
2016/04/07:17:04:51 1593854560 2986 2419 2399 195878
2016/04/07:18:21:37 1593854560 2919 2419 2399 199802
2016/04/08:10:06:01 1593854560 2919 2603 2399 218416
2016/04/09:07:36:50 1593854560 3256 2529 1977 238224
2016/04/10:06:43:00 1593854560 3256 2457 1910 247397
2016/04/10:08:15:03 1593854560 3256 2445 1910 244343
2016/04/10:09:51:53 1593854560 3256 2445 1900 244344
2016/04/10:10:26:21 1593854560 3256 2445 1900 244344
2016/04/10:11:03:45 1593854560 3256 2445 1900 240192
2016/04/10:15:53:00 1593854560 3256 2736 1892 234969
2016/04/10:21:21:49 1593854560 3256 2724 1994 234950
2016/04/11:00:39:37 1593854560 3256 2712 1994 238977
2016/04/11:06:27:16 1593854560 3256 2690 1994 251436
2016/04/11:08:28:03 1593854560 3256 2690 1994 248264
2016/04/11:12:40:44 1593854560 3256 2676 1994 242898
2016/04/12:06:49:21 1593854560 3256 2616 1992 260948
2016/04/12:07:51:16 1593854560 3256 2616 1992 260948
2016/04/12:09:10:57 1593854560 3256 2616 1992 259216
2016/04/12:12:47:59 1593854560 3256 2604 1992 256554
2016/04/12:21:18:17 1593854560 3256 2568 1992 262536
2016/04/13:07:57:04 1593854560 3256 2556 1989 271301
2016/04/13:11:11:19 1593854560 3256 2556 1989 269957
2016/04/13:14:50:57 1593854560 3256 2544 1989 267752
2016/04/13:15:42:57 1593854560 3256 2544 1989 267776
2016/04/13:19:57:30 1593854560 3256 2533 1993 272562
2016/04/14:06:29:49 1593854560 3256 2512 2399 277614
2016/04/14:08:19:14 1593854560 3256 2500 2399 277850
2016/04/14:09:11:39 1593854560 3256 2500 2399 276242
2016/04/15:11:41:05 1593854560 3256 2737 2397 272255
2016/04/17:18:52:05 1593854560 3256 2681 2394 263778
2016/04/17:21:35:31 1593854560 3256 2681 2394 263262
2016/04/18:07:46:51 1593854560 3256 2670 2394 268046
2016/04/18:09:09:44 1593854560 3256 2670 2394 266547
2016/11/27:12:04:58 1593854560 3272 1794 1894 244405
2016/12/22:10:09:51 1593854560 3272 1592 1972 84126
2016/12/22:12:05:11 1593854560 3272 1592 1972 87567
2016/12/24:17:43:11 1593854560 3272 1592 1972 117456
2016/12/24:20:11:59 1593854560 3272 1592 1972 120216
2016/12/24:23:03:01 1593854560 3272 1592 1972 122165
2016/12/25:11:15:38 1593854560 3272 1592 1972 122876
2016/12/25:20:44:31 1593854560 3272 1592 1972 133200
2016/12/26:14:55:26 1593854560 3272 1592 1972 154042
2016/12/26:15:38:02 1593854560 3272 1592 1972 154042
2016/12/26:16:38:04 1593854560 3272 1592 1972 158937
2016/12/26:18:37:57 1593854560 3272 1592 1972 160952
2016/12/26:23:07:59 1593854560 3272 1642 1972 172273
2016/12/27:00:08:03 1593854560 3272 1642 1972 174377
2016/12/27:01:07:57 1593854560 3272 1642 1972 174377
2016/12/27:02:07:57 1593854560 3272 1642 1972 32885
2016/12/27:03:08:00 1593854560 3272 1642 1972 37249
2016/12/27:04:08:00 1593854560 3272 1642 1972 37249
2016/12/27:05:08:00 1593854560 3272 1642 1972 41915
2016/12/27:07:07:59 1593854560 3272 1642 1972 43619
2016/12/27:08:08:03 1593854560 3272 1642 1972 45344
2016/12/27:09:08:02 1593854560 3272 1642 1972 46620
2016/12/27:10:08:02 1593854560 3272 1642 1972 46620
2016/12/27:11:07:59 1593854560 3272 1642 1972 49036
2016/12/27:12:08:01 1593854560 3272 1642 1972 51996
2016/12/27:13:07:59 1593854560 3272 1642 1972 51996
2016/12/27:14:08:00 1593854560 3272 1642 1972 60583
2016/12/27:16:07:59 1593854560 3272 1642 1972 66143
2016/12/27:17:08:02 1593854560 3272 1642 1972 75780
2016/12/27:18:07:58 1593854560 3272 1642 1972 75780
2016/12/27:20:07:57 1593854560 3272 1642 1972 90149
2016/12/27:21:08:00 1593854560 3272 1642 1972 95504
2016/12/27:22:08:03 1593854560 3272 1642 1972 95504
2016/12/27:23:07:58 1593854560 3272 1642 1972 104181
2016/12/28:01:08:00 1593854560 3272 1642 1972 109086
2016/12/28:02:07:56 1593854560 3272 1642 1972 117064
2016/12/28:04:07:58 1593854560 3272 1642 1972 120263
2016/12/28:05:07:54 1593854560 3272 1642 1972 123143
2016/12/28:06:07:57 1593854560 3272 1642 1972 124121
2016/12/28:08:07:57 1593854560 3272 1642 1972 125205
2016/12/28:10:07:57 1593854560 3272 1642 1972 125827
2016/12/28:12:07:56 1593854560 3272 1642 1972 129430
2016/12/28:14:07:56 1593854560 3272 1642 1972 135992
2016/12/28:17:07:56 1593854560 3272 1642 1972 147814
2016/12/28:18:07:55 1593854560 3272 1642 1972 147814
2016/12/28:19:07:58 1593854560 3272 1642 1972 147814
2016/12/28:21:07:55 1593854560 3272 1642 1972 161406
2016/12/28:22:07:53 1593854560 3272 1642 1972 161406
2016/12/29:00:07:57 1593854560 3272 1642 1972 170428
2016/12/29:01:07:56 1593854560 3272 1642 1972 170428
2016/12/29:02:07:55 1593854560 3272 1642 1972 175948
2016/12/29:03:07:56 1593854560 3272 1642 1972 177329
2016/12/29:04:07:59 1593854560 3272 1642 1972 177329
2016/12/29:05:07:53 1593854560 3272 1642 1972 178553
2016/12/29:06:07:54 1593854560 3272 1642 1972 178041
2016/12/29:07:07:56 1593854560 3272 1642 1972 178041
2016/12/29:08:07:57 1593854560 3272 1642 1972 177456
2016/12/29:10:07:56 1593854560 3272 1642 1972 176512
2016/12/29:11:07:56 1593854560 3272 1642 1972 176429
2016/12/29:12:07:56 1593854560 3272 1642 1972 176515
2016/12/29:14:07:57 1593854560 3272 1642 1972 180333
2016/12/29:15:08:04 1593854560 3272 1642 1972 182612
2016/12/29:16:08:00 1593854560 3272 1642 1972 182612
2016/12/29:17:08:00 1593854560 3272 1642 1972 187904
2016/12/29:18:08:00 1593854560 3272 1642 1972 189824
2016/12/29:19:07:54 1593854560 3272 1642 1972 189824
2016/12/29:20:08:08 1593854560 3272 1642 1972 194619
2016/12/29:21:07:52 1593854560 3272 1642 1972 196772
2016/12/29:22:08:00 1593854560 3272 1642 1972 196772
2016/12/29:23:08:00 1593854560 3272 1642 1972 201387
2016/12/30:00:07:54 1593854560 3272 1642 1972 203520
2016/12/30:01:07:58 1593854560 3272 1642 1972 203520
2016/12/30:02:07:57 1593854560 3272 1642 1972 208176
2016/12/30:04:07:58 1593854560 3272 1642 1972 209544
2016/12/30:05:07:54 1593854560 3272 1642 1972 211064
2016/12/30:06:07:57 1593854560 3272 1642 1972 210992
2016/12/30:08:07:59 1593854560 3272 1642 1972 210992
2016/12/30:10:08:05 1593854560 3272 1642 1972 210898
2016/12/30:11:07:56 1593854560 3272 1642 1972 211637
2016/12/30:12:07:58 1593854560 3272 1642 1972 212596
2016/12/30:13:07:53 1593854560 3272 1642 1972 212596
2016/12/30:14:08:11 1593854560 3272 1642 1972 217169
2016/12/30:16:08:01 1593854560 3272 1642 1972 220136
2016/12/30:17:07:59 1593854560 3272 1642 1972 225419
2016/12/30:18:07:57 1593854560 3272 1642 1972 227547
2016/12/30:19:08:07 1593854560 3272 1642 1972 227547
2016/12/30:20:07:54 1593854560 3272 1642 1972 232525
2016/12/30:21:07:57 1593854560 3272 1642 1972 234300
2016/12/30:22:08:00 1593854560 3272 1642 1972 234300
2016/12/30:23:07:55 1593854560 3272 1642 1972 237979
2016/12/31:00:07:55 1593854560 3272 1642 1972 239108
2016/12/31:01:07:56 1593854560 3272 1642 1972 239108
2016/12/31:02:07:56 1593854560 3272 1642 1972 242201
2016/12/31:03:07:54 1593854560 3272 1642 1972 242052
2016/12/31:04:07:56 1593854560 3272 1642 1972 242052
2016/12/31:05:07:55 1593854560 3272 1642 1972 242028
2016/12/31:06:07:57 1593854560 3272 1642 1972 240415
2016/12/31:07:07:58 1593854560 3272 1642 1972 240415
2016/12/31:08:07:59 1593854560 3272 1642 1972 238866
2016/12/31:09:07:59 1593854560 3272 1642 1972 236925
2016/12/31:10:07:59 1593854560 3272 1642 1972 236925
2016/12/31:11:07:54 1593854560 3272 1642 1972 235554
2016/12/31:12:07:55 1593854560 3272 1642 1972 234354
2016/12/31:13:07:56 1593854560 3272 1642 1972 234354
2016/12/31:14:07:54 1593854560 3272 1642 1972 235981
2016/12/31:15:08:15 1593854560 3272 1642 1972 236631
2016/12/31:16:08:00 1593854560 3272 1642 1972 236631
2016/12/31:17:07:58 1593854560 3272 1642 1972 239867
2016/12/31:18:08:00 1593854560 3272 1642 1972 241255
2016/12/31:20:07:56 1593854560 3272 1642 1972 29092
2017/01/01:20:07:54 1593854560 3272 1642 1772 100839
2017/01/01:21:07:57 1593854560 3272 1642 1772 105837
2017/01/01:22:07:56 1593854560 3272 1642 1772 105837
2017/01/01:23:07:53 1593854560 3272 1642 1772 114123
2017/01/02:00:07:58 1593854560 3272 1642 1772 118470
2017/01/02:01:07:59 1593854560 3272 1642 1772 118470
2017/01/02:02:07:57 1593854560 3272 1642 1772 125662
2017/01/02:03:07:55 1593854560 3272 1642 1772 128420
2017/01/02:04:07:59 1593854560 3272 1642 1772 128420
2017/01/02:05:07:58 1593854560 3272 1642 1772 131330
2017/01/02:06:07:56 1593854560 3272 1642 1772 132064
2017/01/02:07:07:57 1593854560 3272 1642 1772 132064
2017/01/02:08:07:57 1593854560 3272 1642 1772 132804
2017/01/02:09:07:59 1593854560 3272 1642 1772 133101
2017/01/02:10:08:00 1593854560 3272 1642 1772 133101
2017/01/02:11:08:03 1593854560 3272 1642 1772 134311
2017/01/02:12:07:55 1593854560 3272 1642 1772 135910
2017/01/02:16:07:53 1593854560 3272 1442 1772 146596
2017/01/02:17:07:49 1593854560 3272 1442 1772 154566
2017/01/02:18:07:54 1593854560 3272 1442 1772 158746
2017/01/02:19:07:52 1593854560 3272 1442 1772 158746
2017/01/02:20:07:55 1593854560 3272 1442 1772 167342
2017/01/02:21:07:56 1593854560 3272 1442 2263 172144
2017/01/02:22:07:51 1593854560 3272 1442 3118 172144
2017/01/29:12:09:29 1593854560 3272 1900 2000 238596
2017/01/29:12:46:51 1593854560 3272 1900 2000 238596
