Time: ISBN: Retail-Price: Lowest-New-Price: Lowest-Used-Price: Sales-Rank 
2016/02/10:15:19:00 1606232991 2999 2659 2780 367358
2016/02/10:17:05:56 1606232991 2999 2659 2780 365727
2016/02/10:18:30:44 1606232991 2999 2659 2780 365828
2016/02/10:22:29:36 1606232991 2999 2659 2780 367575
2016/02/11:07:47:40 1606232991 2999 2658 2780 371280
2016/02/11:09:37:59 1606232991 2999 2659 2780 378697
2016/02/11:10:04:35 1606232991 2999 2659 2780 378697
2016/02/11:11:55:13 1606232991 2999 2659 2780 376325
2016/02/11:12:04:33 1606232991 2999 2659 2780 376325
2016/02/11:12:11:17 1606232991 2999 2659 2780 376325
2016/02/11:12:56:01 1606232991 2999 2659 2780 375407
2016/02/11:14:09:14 1606232991 2999 2659 2780 375407
2016/02/11:15:28:31 1606232991 2999 2659 2780 375166
2016/02/11:17:14:32 1606232991 2999 2659 2780 376644
2016/02/11:19:02:54 1606232991 2999 2659 2780 376730
2016/02/11:22:08:04 1606232991 2999 2659 2780 379362
2016/02/12:07:35:00 1606232991 2999 2659 2780 82112
2016/02/13:12:47:08 1606232991 2999 2658 2780 57696
2016/02/13:13:30:31 1606232991 2999 2659 2780 58510
2016/02/13:13:38:47 1606232991 2999 2659 2780 58510
2016/02/13:15:24:13 1606232991 2999 2659 2780 62808
2016/02/18:17:21:50 1606232991 2999 2659 2779 144110
2016/02/18:18:08:00 1606232991 2999 2659 2779 144214
2016/02/18:19:15:48 1606232991 2999 2659 2779 143553
2016/02/18:20:44:30 1606232991 2999 2659 2779 143691
2016/02/18:21:46:33 1606232991 2999 2659 2779 153256
2016/02/18:22:44:12 1606232991 2999 2659 2779 153399
2016/02/19:07:52:28 1606232991 2999 2659 2779 172389
2016/02/19:09:38:24 1606232991 2999 2659 2779 173312
2016/02/19:11:29:45 1606232991 2999 2659 2779 177079
2016/02/19:13:07:08 1606232991 2999 2658 2779 177108
2016/02/19:15:04:05 1606232991 2999 2659 2779 178620
2016/02/19:16:53:51 1606232991 2999 2659 2779 178620
2016/02/19:17:26:20 1606232991 2999 2658 2779 178620
2016/02/19:17:42:47 1606232991 2999 2658 2779 182957
2016/02/19:19:32:14 1606232991 2999 2658 2779 181357
2016/02/19:20:29:19 1606232991 2999 2659 2779 181357
2016/02/19:22:14:53 1606232991 2999 2659 2779 189810
2016/02/20:02:03:30 1606232991 2999 2659 2779 194520
2016/02/20:06:11:03 1606232991 2999 2659 2779 207889
2016/02/20:09:19:43 1606232991 2999 2659 2777 214780
2016/02/20:10:37:06 1606232991 2999 2659 2777 215110
2016/02/20:11:16:25 1606232991 2999 2659 2777 215927
2016/02/20:12:09:31 1606232991 2999 2659 2777 215927
2016/02/20:13:07:32 1606232991 2999 2659 2775 216037
2016/02/20:14:29:03 1606232991 2999 2659 2775 216566
2016/02/20:15:40:03 1606232991 2999 2659 2775 218236
2016/02/20:16:54:23 1606232991 2999 2659 2775 218264
2016/02/20:18:49:20 1606232991 2999 2659 2775 222489
2016/02/20:19:40:55 1606232991 2999 2659 2775 222099
2016/02/20:21:21:54 1606232991 2999 2659 2775 229904
2016/02/20:21:45:29 1606232991 2999 2659 2775 229904
2016/02/21:02:26:28 1606232991 2999 2659 2775 239519
2016/02/21:09:47:03 1606232991 2999 2659 2775 247955
2016/02/21:10:54:16 1606232991 2999 2659 2775 247955
2016/02/21:11:45:15 1606232991 2999 2659 2775 246438
2016/02/21:14:15:16 1606232991 2999 2658 2775 244767
2016/02/21:15:00:47 1606232991 2999 2659 2775 244767
2016/02/21:17:22:23 1606232991 2999 2659 2776 36695
2016/02/21:17:46:26 1606232991 2999 2659 2775 36695
2016/02/21:18:16:53 1606232991 2999 2659 2775 36695
2016/02/21:20:16:34 1606232991 2999 2659 2775 38876
2016/02/21:22:04:07 1606232991 2999 2659 2775 57066
2016/02/21:22:28:25 1606232991 2999 2659 2775 57066
2016/02/21:23:39:08 1606232991 2999 2659 2775 58823
2016/02/22:07:50:49 1606232991 2999 2659 2776 112886
2016/02/22:09:54:19 1606232991 2999 2658 2775 113880
2016/02/22:11:05:25 1606232991 2999 2659 2775 120585
2016/02/22:12:03:09 1606232991 2999 2659 2775 120585
2016/02/22:15:23:40 1606232991 2999 2659 2776 125181
2016/02/22:16:46:22 1606232991 2999 2659 2776 125230
2016/02/23:09:34:30 1606232991 2999 2659 2775 175538
2016/02/23:11:00:48 1606232991 2999 2659 2775 182585
2016/02/23:12:03:44 1606232991 2999 2659 2775 181317
2016/02/23:13:54:14 1606232991 2999 2660 2775 181105
2016/02/23:15:09:47 1606232991 2999 2660 2776 181268
2016/02/23:16:08:32 1606232991 2999 2660 2776 181268
2016/02/23:17:29:10 1606232991 2999 2660 2776 184425
2016/02/24:09:18:13 1606232991 2999 2659 2771 27778
2016/02/24:11:20:56 1606232991 2999 2659 2769 30890
2016/02/24:13:11:12 1606232991 2999 2659 2767 31690
2016/02/24:14:15:31 1606232991 2999 2658 2767 31690
2016/02/24:16:50:53 1606232991 2999 2659 2767 31691
2016/02/24:19:43:47 1606232991 2999 2658 2767 42901
2016/02/24:21:12:14 1606232991 2999 2658 2767 69140
2016/02/24:22:45:15 1606232991 2999 2659 2767 69140
2016/02/24:23:08:06 1606232991 2999 2659 2767 69140
2016/02/25:08:08:41 1606232991 2999 2659 2765 95336
2016/02/25:09:02:11 1606232991 2999 2659 2765 95864
2016/02/25:10:12:15 1606232991 2999 2659 2765 94885
2016/02/25:11:37:23 1606232991 2999 2659 2764 94489
2016/02/25:15:22:15 1606232991 2999 2659 2764 20473
2016/02/25:16:54:39 1606232991 2999 2658 2764 20473
2016/02/25:19:04:29 1606232991 2999 2659 2772 26604
2016/02/25:21:37:00 1606232991 2999 2659 2772 27426
2016/02/25:22:34:08 1606232991 2999 2659 2772 39088
2016/02/26:07:33:31 1606232991 2999 2658 2770 82857
2016/02/26:08:50:22 1606232991 2999 2658 2768 83262
2016/02/26:09:52:51 1606232991 2999 2659 2767 81355
2016/02/26:10:54:05 1606232991 2999 2659 2766 81647
2016/02/26:13:22:35 1606232991 2999 2658 2764 20841
2016/02/26:15:31:07 1606232991 2999 2659 2763 26311
2016/02/26:19:55:17 1606232991 2999 2659 2763 34345
2016/02/26:22:50:45 1606232991 2999 2659 2763 50826
2016/02/26:23:53:17 1606232991 2999 2659 2763 50826
2016/02/27:08:11:03 1606232991 2999 2659 2763 78465
2016/02/27:09:42:09 1606232991 2999 2659 2763 81191
2016/02/27:10:42:36 1606232991 2999 2659 2763 81564
2016/02/27:12:21:46 1606232991 2999 2659 2772 79336
2016/02/27:14:27:07 1606232991 2999 2659 2772 77718
2016/02/27:16:34:05 1606232991 2999 2659 2658 75916
2016/02/27:17:09:24 1606232991 2999 2659 2658 75944
2016/02/27:17:51:08 1606232991 2999 2659 2658 78773
2016/02/27:19:45:15 1606232991 2999 2659 2658 78807
2016/02/27:23:57:56 1606232991 2999 2659 2658 93987
2016/02/28:00:29:39 1606232991 2999 2659 2658 94478
2016/02/28:03:44:05 1606232991 2999 2659 2723 110495
2016/02/28:10:28:38 1606232991 2999 2659 2767 128255
2016/02/28:11:16:30 1606232991 2999 2659 2767 128665
2016/02/28:13:19:31 1606232991 2999 2659 2764 128730
2016/02/28:17:23:56 1606232991 2999 2659 2764 130966
2016/02/28:19:35:44 1606232991 2999 2659 2763 135970
2016/02/28:20:50:37 1606232991 2999 2659 2762 136165
2016/02/28:22:22:08 1606232991 2999 2659 2759 144517
2016/02/28:23:02:00 1606232991 2999 2659 2759 144721
2016/02/29:09:28:02 1606232991 2999 2658 2748 169223
2016/02/29:10:36:04 1606232991 2999 2658 2747 167078
2016/02/29:11:57:51 1606232991 2999 2659 2745 167139
2016/02/29:12:26:55 1606232991 2999 2659 2745 168316
2016/02/29:12:46:12 1606232991 2999 2659 2745 168316
2016/02/29:13:49:55 1606232991 2999 2659 2744 168409
2016/02/29:15:26:14 1606232991 2999 2659 2742 166812
2016/02/29:15:47:39 1606232991 2999 2659 2741 168043
2016/02/29:16:22:15 1606232991 2999 2659 2741 168043
2016/03/01:02:16:06 1606232991 2999 2659 2729 197343
2016/03/01:09:32:26 1606232991 2999 2659 2721 216402
2016/03/01:11:56:51 1606232991 2999 2659 2723 219697
2016/03/01:14:54:06 1606232991 2999 2658 2778 219254
2016/03/01:15:19:36 1606232991 2999 2658 2778 219488
2016/03/01:18:43:02 1606232991 2999 2659 2778 224902
2016/03/01:20:03:38 1606232991 2999 2659 2778 224965
2016/03/01:21:02:32 1606232991 2999 2659 2778 38966
2016/03/01:21:54:37 1606232991 2999 2658 2778 40515
2016/03/01:23:10:11 1606232991 2999 2659 2777 40518
2016/03/01:23:25:42 1606232991 2999 2659 2777 40518
2016/03/02:07:26:25 1606232991 2999 2659 2773 91697
2016/03/02:09:40:55 1606232991 2999 2659 2771 92288
2016/03/02:12:01:18 1606232991 2999 2658 2769 103367
2016/03/02:12:49:28 1606232991 2999 2658 2769 104228
2016/03/02:15:53:38 1606232991 2999 2659 2767 104733
2016/03/02:16:48:57 1606232991 2999 2659 2766 104733
2016/03/02:18:44:40 1606232991 2999 2658 2764 115985
2016/03/02:19:17:00 1606232991 2999 2658 2764 116020
2016/03/02:19:32:03 1606232991 2999 2659 2764 116020
2016/03/02:19:38:59 1606232991 2999 2659 2764 116020
2016/03/02:20:34:04 1606232991 2999 2659 2764 128626
2016/03/02:21:23:45 1606232991 2999 2659 2777 128906
2016/03/02:23:07:10 1606232991 2999 2659 2775 128262
2016/03/03:09:26:11 1606232991 2999 2659 2769 155021
2016/03/03:10:21:49 1606232991 2999 2659 2768 155021
2016/03/03:10:36:58 1606232991 2999 2659 2768 162884
2016/03/03:11:38:21 1606232991 2999 2659 2767 162884
2016/03/03:12:14:23 1606232991 2999 2659 2767 162884
2016/03/03:12:38:17 1606232991 2999 2659 2767 162884
2016/03/03:13:00:50 1606232991 2999 2659 2767 162884
2016/03/03:15:12:46 1606232991 2999 2658 2767 163249
2016/03/03:17:11:41 1606232991 2999 2659 2766 166271
2016/03/03:17:45:34 1606232991 2999 2659 2765 166271
2016/03/03:18:04:52 1606232991 2999 2659 2765 166271
2016/03/03:18:31:33 1606232991 2999 2659 2765 166271
2016/03/03:19:54:38 1606232991 2999 2659 2765 173332
2016/03/03:20:40:54 1606232991 2999 2659 2765 173332
2016/03/04:07:32:44 1606232991 2999 2659 2764 209602
2016/03/04:09:11:10 1606232991 2999 2659 2778 215008
2016/03/04:09:46:06 1606232991 2999 2659 2778 215008
2016/03/04:11:07:03 1606232991 2999 2659 2778 213603
2016/03/04:11:34:25 1606232991 2999 2659 2778 213603
2016/03/04:11:53:02 1606232991 2999 2659 2778 213603
2016/03/04:13:04:09 1606232991 2999 2659 2778 211499
2016/03/04:16:24:19 1606232991 2999 2659 2778 211205
2016/03/04:17:02:06 1606232991 2999 2659 2778 213252
2016/03/04:19:26:15 1606232991 2999 2659 2778 217341
2016/03/04:20:05:37 1606232991 2999 2658 2778 217341
2016/03/04:21:12:59 1606232991 2999 2658 2778 224423
2016/03/04:22:35:07 1606232991 2999 2659 2778 224423
2016/03/04:23:30:10 1606232991 2999 2659 2778 224423
2016/03/05:08:40:13 1606232991 2999 2659 2778 231860
2016/03/05:09:56:27 1606232991 2999 2659 2778 39869
2016/03/05:10:54:41 1606232991 2999 2659 2778 43130
2016/03/05:11:49:57 1606232991 2999 2659 2778 43130
2016/03/05:12:14:19 1606232991 2999 2659 2778 43130
2016/03/05:12:34:37 1606232991 2999 2659 2778 43130
2016/03/05:12:50:26 1606232991 2999 2659 2778 43130
2016/03/05:17:36:16 1606232991 2999 2659 2778 49788
2016/03/05:19:25:46 1606232991 2999 2659 2778 18992
2016/03/05:20:14:46 1606232991 2999 2659 2778 24539
2016/03/05:21:45:21 1606232991 2999 2659 2778 34270
2016/03/05:23:06:10 1606232991 2999 2659 2778 34537
2016/03/06:03:46:30 1606232991 2999 2659 2778 53322
2016/03/06:08:33:11 1606232991 2999 2659 2778 66771
2016/03/06:09:37:01 1606232991 2999 2659 2778 70683
2016/03/06:10:29:25 1606232991 2999 2659 2778 70963
2016/03/06:11:24:36 1606232991 2999 2659 2778 69968
2016/03/06:13:31:02 1606232991 2999 2659 2778 70023
2016/03/06:14:25:32 1606232991 2999 2659 2778 70349
2016/03/06:14:40:33 1606232991 2999 2659 2778 70519
2016/03/06:15:48:08 1606232991 2999 2659 2778 70519
2016/03/06:16:31:18 1606232991 2999 2659 2778 70969
2016/03/06:17:45:43 1606232991 2999 2659 2778 76051
2016/03/06:20:43:00 1606232991 2999 2659 2778 74471
2016/03/06:22:28:09 1606232991 2999 2659 2778 85175
2016/03/06:22:52:00 1606232991 2999 2659 2778 85206
2016/03/06:23:03:41 1606232991 2999 2659 2778 85206
2016/03/07:07:32:56 1606232991 2999 2659 2778 123535
2016/03/07:09:23:36 1606232991 2999 2659 2778 124194
2016/03/07:10:47:42 1606232991 2999 2659 2778 124044
2016/03/07:11:26:12 1606232991 2999 2659 2778 124674
2016/03/07:12:30:25 1606232991 2999 2658 2778 129646
2016/03/07:13:56:17 1606232991 2999 2659 2778 131671
2016/03/07:15:25:30 1606232991 2999 2659 2778 131671
2016/03/07:16:15:06 1606232991 2999 2659 2778 136386
2016/03/07:16:52:34 1606232991 2999 2659 2778 136661
2016/03/07:19:05:05 1606232991 2999 2659 2778 135611
2016/03/07:22:36:55 1606232991 2999 2659 2778 152876
2016/03/07:23:44:01 1606232991 2999 2659 2778 153143
2016/03/08:07:38:16 1606232991 2999 2659 2778 176966
2016/03/08:09:00:55 1606232991 2999 2659 2778 175742
2016/03/08:11:51:18 1606232991 2999 2659 2778 176397
2016/03/08:13:08:26 1606232991 2999 2659 2778 176396
2016/03/08:14:35:52 1606232991 2999 2659 2778 176053
2016/03/08:17:11:12 1606232991 2999 2659 2778 178883
2016/03/08:19:38:21 1606232991 2999 2659 2778 178882
2016/03/09:07:42:39 1606232991 2999 2658 2778 79056
2016/03/09:09:53:01 1606232991 2999 2659 2778 79421
2016/03/09:10:48:32 1606232991 2999 2659 2778 85403
2016/03/09:14:58:25 1606232991 2999 2659 2778 90784
2016/03/09:15:49:26 1606232991 2999 2659 2778 90813
2016/03/09:18:37:36 1606232991 2999 2659 2778 97879
2016/03/09:19:55:07 1606232991 2999 2658 2778 97970
2016/03/09:20:22:55 1606232991 2999 2658 2778 110886
2016/03/09:21:11:37 1606232991 2999 2659 2778 110886
2016/03/09:22:28:36 1606232991 2999 2659 2778 110958
2016/03/09:22:40:31 1606232991 2999 2659 2778 110958
2016/03/09:23:20:36 1606232991 2999 2659 2778 109923
2016/03/09:23:41:48 1606232991 2999 2659 2778 109924
2016/03/10:04:59:31 1606232991 2999 2659 2778 140579
2016/03/10:07:46:32 1606232991 2999 2659 2778 140434
2016/03/10:09:32:58 1606232991 2999 2659 2778 147684
2016/03/10:10:39:56 1606232991 2999 2659 2778 147682
2016/03/10:11:02:55 1606232991 2999 2659 2778 148964
2016/03/10:11:53:39 1606232991 2999 2659 2778 148964
2016/03/10:12:21:09 1606232991 2999 2659 2778 148963
2016/03/10:13:46:44 1606232991 2999 2659 2778 149291
2016/03/10:13:59:54 1606232991 2999 2659 2778 149291
2016/03/10:15:25:50 1606232991 2999 2658 2504 25660
2016/03/10:16:35:03 1606232991 2999 2659 2504 25660
2016/03/10:19:12:18 1606232991 2999 2658 2504 18183
2016/03/10:20:15:52 1606232991 2999 2658 2504 18187
2016/03/10:22:50:55 1606232991 2999 2659 2504 25089
2016/03/11:07:43:44 1606232991 2999 2659 2504 22939
2016/03/11:09:44:49 1606232991 2999 2659 2504 27013
2016/03/11:13:36:50 1606232991 2999 2659 2504 29716
2016/03/11:15:44:27 1606232991 2999 2659 2504 35355
2016/03/11:16:43:02 1606232991 2999 2659 2504 35355
2016/03/11:17:24:24 1606232991 2999 2659 2504 35355
2016/03/11:19:31:01 1606232991 2999 2659 2504 43674
2016/03/11:22:43:13 1606232991 2999 2659 2504 57763
2016/03/12:12:07:10 1606232991 2999 2659 2504 79653
2016/03/12:13:42:41 1606232991 2999 2659 2504 77654
2016/03/12:18:49:29 1606232991 2999 2659 2504 81956
2016/03/13:09:24:14 1606232991 2999 2659 2504 116484
2016/03/13:11:08:59 1606232991 2999 2659 2504 118813
2016/03/13:16:16:43 1606232991 2999 2659 2504 119249
2016/03/13:18:10:34 1606232991 2999 2659 2504 124839
2016/03/13:19:40:59 1606232991 2999 2659 2504 124881
2016/03/13:22:39:23 1606232991 2999 2659 2504 135313
2016/03/14:07:43:24 1606232991 2999 2660 2504 143359
2016/03/14:08:54:32 1606232991 2999 2660 2504 154873
2016/03/14:09:32:38 1606232991 2999 2660 2504 154873
2016/03/14:10:09:09 1606232991 2999 2660 2504 154873
2016/03/15:14:36:31 1606232991 2999 2660 2504 200633
2016/03/15:17:19:35 1606232991 2999 2660 2504 206372
2016/03/15:18:37:32 1606232991 2999 2660 2504 206486
2016/03/15:20:01:38 1606232991 2999 2660 2504 204385
2016/03/15:20:36:18 1606232991 2999 2660 2504 204385
2016/03/15:22:31:23 1606232991 2999 2660 2504 212438
2016/03/16:00:22:27 1606232991 2999 2660 2504 219589
2016/03/16:08:00:14 1606232991 2999 2660 2504 230216
2016/03/16:21:26:39 1606232991 2999 2660 2504 239167
2016/03/16:23:13:58 1606232991 2999 2660 2504 239371
2016/03/17:07:19:35 1606232991 2999 2660 2504 250030
2016/03/17:08:46:17 1606232991 2999 2660 2504 250030
2016/03/17:13:35:34 1606232991 2999 2660 2504 250179
2016/03/17:14:25:57 1606232991 2999 2660 2504 247286
2016/03/17:15:51:33 1606232991 2999 2660 2504 247519
2016/03/17:17:10:09 1606232991 2999 2660 2504 246779
2016/03/17:18:12:09 1606232991 2999 2660 2504 247983
2016/03/17:22:15:53 1606232991 2999 2660 2504 250439
2016/03/18:07:30:54 1606232991 2999 2660 2504 268270
2016/03/18:08:43:05 1606232991 2999 2660 2504 266422
2016/03/18:13:34:31 1606232991 2999 2660 2504 262699
2016/03/19:00:27:10 1606232991 2999 2660 2504 264656
2016/03/19:10:31:13 1606232991 2999 2660 2504 270904
2016/03/19:12:05:43 1606232991 2999 2660 2504 269288
2016/03/19:12:58:03 1606232991 2999 2660 2504 269538
2016/03/19:14:16:37 1606232991 2999 2660 2504 267178
2016/03/19:20:51:21 1606232991 2999 2660 2504 269366
2016/03/19:23:29:07 1606232991 2999 2660 2504 265567
2016/03/20:08:01:02 1606232991 2999 2660 2504 63951
2016/03/20:09:41:56 1606232991 2999 2660 2504 63951
2016/03/20:12:02:57 1606232991 2999 2660 2504 68349
2016/03/20:13:32:09 1606232991 2999 2660 2504 71891
2016/03/20:14:29:41 1606232991 2999 2660 2504 71985
2016/03/20:17:52:53 1606232991 2999 2660 2504 80637
2016/03/20:19:52:03 1606232991 2999 2660 2504 80653
2016/03/20:21:40:16 1606232991 2999 2660 2504 88984
2016/03/21:08:02:04 1606232991 2999 2660 2504 136541
2016/03/21:09:12:02 1606232991 2999 2660 2504 136541
2016/03/21:10:02:50 1606232991 2999 2660 2504 136355
2016/03/21:17:48:01 1606232991 2999 2660 2504 144007
2016/03/21:19:08:02 1606232991 2999 2660 2504 150803
2016/03/21:22:54:47 1606232991 2999 2660 2504 162985
2016/03/22:10:01:11 1606232991 2999 2660 2504 53627
2016/03/22:10:51:55 1606232991 2999 2660 2504 53635
2016/03/22:11:51:38 1606232991 2999 2660 2504 54892
2016/03/23:07:45:10 1606232991 2999 2660 2504 122100
2016/03/23:09:12:20 1606232991 2999 2660 2504 122617
2016/03/23:12:56:31 1606232991 2999 2660 2504 131849
2016/03/23:13:55:05 1606232991 2999 2660 2494 131849
2016/03/23:17:36:34 1606232991 2999 2660 2494 136235
2016/03/23:18:47:38 1606232991 2999 2660 2494 142006
2016/03/23:19:56:17 1606232991 2999 2660 2494 142117
2016/03/23:21:09:03 1606232991 2999 2660 2494 142117
2016/03/23:21:57:39 1606232991 2999 2660 2494 151667
2016/03/23:22:54:25 1606232991 2999 2660 2494 151667
2016/03/24:07:41:42 1606232991 2999 2660 2494 176487
2016/03/24:09:50:05 1606232991 2999 2660 1500 175801
2016/03/24:10:54:36 1606232991 2999 2660 1500 176015
2016/03/24:12:05:10 1606232991 2999 2660 1500 176293
2016/03/24:13:49:33 1606232991 2999 2660 1500 175280
2016/03/24:14:59:34 1606232991 2999 2660 1500 177786
2016/03/24:16:44:27 1606232991 2999 2660 1500 177888
2016/03/24:18:30:53 1606232991 2999 2660 1500 182344
2016/03/24:20:40:57 1606232991 2999 2660 1500 185421
2016/03/24:22:44:06 1606232991 2999 2660 1500 185594
2016/03/25:07:35:25 1606232991 2999 2660 1500 206283
2016/03/25:09:10:41 1606232991 2999 2660 1500 211328
2016/03/25:21:37:29 1606232991 2999 2660 1500 224218
2016/03/26:09:53:34 1606232991 2999 2660 1500 235266
2016/03/26:13:11:14 1606232991 2999 2660 1500 233125
2016/03/26:17:48:01 1606232991 2999 2660 1500 232200
2016/03/26:20:18:33 1606232991 2999 2660 1500 233941
2016/03/27:13:40:59 1606232991 2999 2660 1500 247454
2016/03/28:18:21:48 1606232991 2999 2660 1500 249654
2016/03/28:20:11:52 1606232991 2999 2660 1500 252760
2016/03/28:21:15:47 1606232991 2999 2660 1500 252760
2016/03/29:06:26:42 1606232991 2999 2660 1500 264680
2016/03/29:07:34:22 1606232991 2999 2660 1500 262092
2016/03/29:10:42:44 1606232991 2999 2660 1500 263485
2016/03/29:14:59:33 1606232991 2999 2660 1500 259392
2016/03/29:16:14:31 1606232991 2999 2660 1500 258119
2016/03/29:19:10:16 1606232991 2999 2660 1500 260953
2016/03/29:21:32:25 1606232991 2999 2660 1500 265159
2016/03/30:09:01:48 1606232991 2999 2660 1500 282528
2016/03/30:13:15:41 1606232991 2999 2660 1500 278169
2016/03/30:15:40:31 1606232991 2999 2660 1500 276078
2016/03/30:16:23:11 1606232991 2999 2660 1500 276078
2016/03/30:18:41:36 1606232991 2999 2660 1500 279564
2016/03/30:20:50:15 1606232991 2999 2660 1500 285354
2016/03/31:06:48:21 1606232991 2999 2660 1500 293723
2016/03/31:08:33:36 1606232991 2999 2660 1500 298742
2016/03/31:09:21:47 1606232991 2999 2660 1500 298742
2016/03/31:12:21:45 1606232991 2999 2660 1500 294330
2016/03/31:13:28:05 1606232991 2999 2660 1500 294671
2016/03/31:14:18:13 1606232991 2999 2660 1500 293495
2016/03/31:16:12:41 1606232991 2999 2660 1500 294638
2016/03/31:20:59:15 1606232991 2999 2660 1500 300452
2016/04/01:07:09:05 1606232991 2999 2660 1500 314762
2016/04/01:08:19:51 1606232991 2999 2660 1500 314391
2016/04/01:09:09:24 1606232991 2999 2660 1500 314391
2016/04/01:16:12:37 1606232991 2999 2660 1500 308574
2016/04/01:17:19:24 1606232991 2999 2660 1500 308573
2016/04/01:18:18:22 1606232991 2999 2660 1500 309859
2016/04/01:19:16:28 1606232991 2999 2660 1500 309859
2016/04/01:21:08:24 1606232991 2999 2660 1500 311714
2016/04/01:22:19:01 1606232991 2999 2660 1500 311714
2016/04/02:07:55:16 1606232991 2999 2660 1500 55156
2016/04/02:09:07:12 1606232991 2999 2660 1500 60690
2016/04/02:19:46:55 1606232991 2999 2660 1500 92211
2016/04/02:22:15:15 1606232991 2999 2660 1500 100501
2016/04/03:08:43:50 1606232991 2999 2660 1500 131886
2016/04/03:09:38:02 1606232991 2999 2660 1500 132100
2016/04/04:19:33:10 1606232991 2999 2660 2494 86129
2016/04/04:22:14:05 1606232991 2999 2660 2494 97541
2016/04/05:06:44:24 1606232991 2999 2660 2494 134240
2016/04/05:14:54:21 1606232991 2999 2660 2494 141384
2016/04/05:15:46:53 1606232991 2999 2660 2494 146765
2016/04/05:21:25:15 1606232991 2999 2660 2494 162337
2016/04/06:06:42:08 1606232991 2999 2660 2494 59548
2016/04/06:10:28:44 1606232991 2999 2660 2494 64684
2016/04/06:14:15:01 1606232991 2999 2660 2494 69435
2016/04/06:22:38:29 1606232991 2999 2660 2494 105462
2016/04/07:07:01:30 1606232991 2999 2660 2095 135564
2016/04/07:17:07:55 1606232991 2999 2660 2095 149407
2016/04/07:18:24:30 1606232991 2999 2660 2095 156958
2016/04/08:10:08:54 1606232991 2999 2690 2095 187416
2016/04/09:07:39:46 1606232991 2999 2656 2095 217675
2016/04/10:06:45:55 1606232991 2999 2656 1776 247376
2016/04/10:08:18:00 1606232991 2999 2656 1776 246119
2016/04/10:09:54:48 1606232991 2999 2656 1776 246120
2016/04/10:10:29:16 1606232991 2999 2656 1776 243966
2016/04/10:11:06:39 1606232991 2999 2656 1776 243966
2016/04/10:15:55:56 1606232991 2999 2656 1776 242578
2016/04/10:21:24:48 1606232991 2999 2656 1776 246361
2016/04/11:00:42:36 1606232991 2999 2656 1776 251186
2016/04/11:06:30:12 1606232991 2999 2656 1776 262473
2016/04/11:08:30:57 1606232991 2999 2656 1776 262260
2016/04/11:12:43:37 1606232991 2999 2656 1776 263021
2016/04/12:06:52:16 1606232991 2999 2656 1774 114824
2016/04/12:07:54:09 1606232991 2999 2656 1774 115166
2016/04/12:09:13:50 1606232991 2999 2656 1775 116013
2016/04/12:12:51:16 1606232991 2999 2656 1775 117446
2016/04/12:21:21:15 1606232991 2999 2656 1774 55297
2016/04/13:07:59:55 1606232991 2999 2656 1774 93098
2016/04/13:11:14:11 1606232991 2999 2656 1774 92534
2016/04/13:14:53:48 1606232991 2999 2656 1774 97358
2016/04/13:15:45:47 1606232991 2999 2656 1774 97384
2016/04/14:06:32:39 1606232991 2999 2656 1773 74313
2016/04/14:08:22:05 1606232991 2999 2656 1773 74039
2016/04/14:09:14:29 1606232991 2999 2656 1773 74039
2016/04/15:11:43:57 1606232991 2999 2656 2494 131914
2016/04/17:18:54:57 1606232991 2999 2656 2494 111309
2016/04/17:21:38:22 1606232991 2999 2656 2494 116910
2016/04/18:07:49:42 1606232991 2999 2656 2494 144619
2016/04/18:09:12:35 1606232991 2999 2656 2494 144619
2016/11/27:12:06:05 1606232991 2804 1632 2337 106631
2016/12/22:10:11:54 1606232991 2804 1632 2337 250420
2016/12/22:12:07:14 1606232991 2804 1632 2337 252160
2016/12/24:17:45:21 1606232991 2804 1632 2337 273772
2016/12/24:20:14:02 1606232991 2804 1632 2337 272538
2016/12/24:23:05:07 1606232991 2804 1632 2337 271288
2016/12/25:11:17:41 1606232991 2804 1632 2337 261427
2016/12/25:20:46:36 1606232991 2804 1632 2337 261740
2016/12/26:14:57:29 1606232991 2804 1632 2337 252523
2016/12/26:15:40:07 1606232991 2804 1632 2337 252523
2016/12/26:16:40:13 1606232991 2804 1632 2337 255376
2016/12/26:18:39:59 1606232991 2804 1632 2337 256236
2016/12/27:00:10:08 1606232991 2804 1632 2337 262909
2016/12/27:01:10:01 1606232991 2804 1632 2337 262909
2016/12/27:02:10:00 1606232991 2804 1632 2337 264882
2016/12/27:03:10:04 1606232991 2804 1632 2337 264634
2016/12/27:04:10:04 1606232991 2804 1632 2337 264634
2016/12/27:05:10:04 1606232991 2804 1632 2337 264334
2016/12/27:07:10:02 1606232991 2804 1632 2337 262508
2016/12/27:08:10:06 1606232991 2804 1632 2337 260900
2016/12/27:09:10:06 1606232991 2804 1632 2337 258947
2016/12/27:10:10:08 1606232991 2804 1632 2337 258947
2016/12/27:11:10:03 1606232991 2804 1632 2337 257788
2016/12/27:12:10:11 1606232991 2804 1632 2337 256941
2016/12/27:13:10:02 1606232991 2804 1632 2337 256941
2016/12/27:14:10:08 1606232991 2804 1632 2337 258666
2016/12/27:16:10:03 1606232991 2804 1632 2337 259296
2016/12/27:17:10:05 1606232991 2804 1632 2337 262308
2016/12/27:18:10:01 1606232991 2804 1632 2337 262308
2016/12/27:20:10:01 1606232991 2804 1632 2337 266776
2016/12/27:21:10:04 1606232991 2804 1632 2337 268398
2016/12/27:22:10:07 1606232991 2804 1632 2337 268398
2016/12/27:23:10:01 1606232991 2804 1632 2337 272076
2016/12/28:01:10:03 1606232991 2804 1632 2337 273770
2016/12/28:02:09:59 1606232991 2804 1632 2337 277184
2016/12/28:04:10:02 1606232991 2804 1632 2337 277720
2016/12/28:05:09:57 1606232991 2804 1632 2337 277957
2016/12/28:06:10:02 1606232991 2804 1632 2337 276969
2016/12/28:08:10:03 1606232991 2804 1632 2337 275977
2016/12/28:10:10:00 1606232991 2804 1632 2337 274667
2016/12/28:12:10:00 1606232991 2804 1632 2337 273807
2016/12/28:14:10:01 1606232991 2804 1632 2337 276429
2016/12/28:17:09:59 1606232991 2804 1632 2337 281439
2016/12/28:18:09:58 1606232991 2804 1632 2337 281439
2016/12/28:19:10:01 1606232991 2804 1632 2337 281439
2016/12/28:22:09:55 1606232991 2804 1632 2337 288071
2016/12/29:00:09:59 1606232991 2804 1632 2337 293993
2016/12/29:01:09:58 1606232991 2804 1632 2337 293993
2016/12/29:02:09:58 1606232991 2804 1632 2337 297897
2016/12/29:03:10:00 1606232991 2804 1632 2337 298899
2016/12/29:04:10:05 1606232991 2804 1632 2337 298899
2016/12/29:05:09:55 1606232991 2804 1632 2337 299801
2016/12/29:06:09:56 1606232991 2804 1632 2337 299362
2016/12/29:07:09:59 1606232991 2804 1632 2337 299362
2016/12/29:08:10:01 1606232991 2804 1632 2337 298690
2016/12/29:10:10:01 1606232991 2804 1632 2337 297687
2016/12/29:11:10:01 1606232991 2804 1632 2337 297388
2016/12/29:12:10:01 1606232991 2804 1632 2337 297272
2016/12/29:15:10:10 1606232991 2804 1632 2337 301329
2016/12/29:16:10:03 1606232991 2804 1632 2337 301329
2016/12/29:17:10:04 1606232991 2804 1632 2337 37243
2016/12/29:18:10:03 1606232991 2804 1632 2337 44473
2016/12/29:19:09:57 1606232991 2804 1632 2337 44473
2016/12/29:20:10:11 1606232991 2804 1632 2337 57201
2016/12/29:21:09:55 1606232991 2804 1632 2337 64443
2016/12/29:22:10:03 1606232991 2804 1632 2337 64443
2016/12/29:23:10:04 1606232991 2804 1632 2337 75319
2016/12/30:00:09:58 1606232991 2804 1632 2337 81707
2016/12/30:01:10:03 1606232991 2804 1632 2337 81707
2016/12/30:02:10:01 1606232991 2804 1632 2337 91612
2016/12/30:04:10:02 1606232991 2804 1632 2337 95775
2016/12/30:05:09:57 1606232991 2804 1632 2337 99782
2016/12/30:06:10:00 1606232991 2804 1632 2337 101626
2016/12/30:08:10:03 1606232991 2804 1632 2337 103236
2016/12/30:10:10:09 1606232991 2804 1632 2337 104501
2016/12/30:11:10:00 1606232991 2804 1632 2337 106988
2016/12/30:12:10:02 1606232991 2804 1632 2337 109694
2016/12/30:13:09:55 1606232991 2804 1632 2337 109694
2016/12/30:14:10:22 1606232991 2804 1632 2337 117266
2016/12/30:16:10:05 1606232991 2804 1632 2337 122345
2016/12/30:17:10:05 1606232991 2804 1632 2337 130799
2016/12/30:18:10:00 1606232991 2804 1632 2337 135256
2016/12/30:19:10:10 1606232991 2804 1632 2337 135256
2016/12/30:20:09:57 1606232991 2804 1632 2337 143731
2016/12/30:21:10:00 1606232991 2804 1632 2337 147974
2016/12/30:22:10:04 1606232991 2804 1632 2337 147974
2016/12/30:23:09:58 1606232991 2804 1632 2337 154903
2016/12/31:00:09:59 1606232991 2804 1632 2337 158357
2016/12/31:01:10:00 1606232991 2804 1632 2337 158357
2016/12/31:02:10:00 1606232991 2804 1632 2337 164465
2016/12/31:03:09:57 1606232991 2804 1632 2337 166572
2016/12/31:04:09:59 1606232991 2804 1632 2337 166572
2016/12/31:05:09:58 1606232991 2804 1632 2337 168732
2016/12/31:06:10:00 1606232991 2804 1632 2337 169061
2016/12/31:07:10:03 1606232991 2804 1632 2337 169061
2016/12/31:08:10:02 1606232991 2804 1632 2337 169390
2016/12/31:09:10:03 1606232991 2804 1632 2337 169438
2016/12/31:10:10:02 1606232991 2804 1632 2337 169438
2016/12/31:11:09:57 1606232991 2804 1632 2337 170084
2016/12/31:12:10:03 1606232991 2804 1632 2337 171000
2016/12/31:13:09:59 1606232991 2804 1632 2337 171000
2016/12/31:14:09:59 1606232991 2804 1632 2337 175020
2016/12/31:15:10:20 1606232991 2804 1632 2337 177601
2016/12/31:16:10:06 1606232991 2804 1632 2337 177601
2016/12/31:17:10:07 1606232991 2804 1632 2337 182909
2016/12/31:18:10:06 1606232991 2804 1632 2337 185700
2016/12/31:20:10:00 1606232991 2804 1632 2337 190892
2017/01/01:20:09:57 1606232991 2804 1632 2337 225614
2017/01/01:21:10:02 1606232991 2804 1632 2337 228888
2017/01/01:22:09:59 1606232991 2804 1632 2337 228888
2017/01/01:23:09:55 1606232991 2804 1632 2337 234450
2017/01/02:00:10:03 1606232991 2804 1632 2337 237299
2017/01/02:01:10:02 1606232991 2804 1632 2337 237299
2017/01/02:02:10:01 1606232991 2804 1632 2337 242112
2017/01/02:03:09:59 1606232991 2804 1632 2337 243562
2017/01/02:04:10:04 1606232991 2804 1632 2337 243562
2017/01/02:05:10:02 1606232991 2804 1632 2337 245030
2017/01/02:06:09:59 1606232991 2804 1632 2337 244833
2017/01/02:08:10:01 1606232991 2804 1632 2337 244499
2017/01/02:09:10:02 1606232991 2804 1632 2337 243826
2017/01/02:10:10:10 1606232991 2804 1632 2337 243826
2017/01/02:11:10:08 1606232991 2804 1632 2337 243721
2017/01/02:12:10:01 1606232991 2804 1632 2337 243821
2017/01/02:16:09:55 1606232991 2804 1632 2337 249337
2017/01/02:17:09:51 1606232991 2804 1632 2337 254017
2017/01/02:18:10:00 1606232991 2804 1632 2337 255860
2017/01/02:19:09:56 1606232991 2804 1632 2337 255860
2017/01/02:20:09:59 1606232991 2804 1632 2337 261075
2017/01/02:21:10:02 1606232991 2804 1632 2337 263569
2017/01/29:12:10:36 1606232991 3024 1963 1817 109212
2017/01/29:12:47:58 1606232991 3024 1963 1817 112656
