Time: ISBN: Retail-Price: Lowest-New-Price: Lowest-Used-Price: Sales-Rank 
2016/02/10:15:19:39 1780172990 1957 1858 2221 6653
2016/02/10:17:06:35 1780172990 1957 1858 2220 5243
2016/02/10:18:31:23 1780172990 1957 1858 2220 5243
2016/02/10:22:30:15 1780172990 1957 1858 2220 5136
2016/02/11:07:48:19 1780172990 1957 1858 2218 4553
2016/02/11:09:38:38 1780172990 1957 1858 2217 4473
2016/02/11:10:05:14 1780172990 1957 1858 2216 4473
2016/02/11:11:55:52 1780172990 1957 1858 2214 4517
2016/02/11:12:05:13 1780172990 1957 1858 2214 4517
2016/02/11:12:11:56 1780172990 1956 1858 2214 4517
2016/02/11:12:56:40 1780172990 1956 1858 2214 4517
2016/02/11:14:09:53 1780172990 1956 1858 2212 4709
2016/02/11:15:29:10 1780172990 1956 1858 1665 3930
2016/02/11:17:15:11 1780172990 1956 1858 1665 4609
2016/02/11:19:03:33 1780172990 1956 1858 1665 4609
2016/02/11:22:08:46 1780172990 1956 1858 1665 6041
2016/02/12:07:35:39 1780172990 1956 1858 1665 7634
2016/02/13:12:47:51 1780172990 1954 1808 1870 6969
2016/02/13:13:31:13 1780172990 1954 1808 1870 6990
2016/02/13:13:39:29 1780172990 1954 1808 1870 6990
2016/02/13:15:24:57 1780172990 1954 1808 1869 7695
2016/02/18:17:22:33 1780172990 1951 1808 1869 3699
2016/02/18:18:08:42 1780172990 1951 1808 1869 3699
2016/02/18:19:16:31 1780172990 1951 1808 1869 3904
2016/02/18:20:45:12 1780172990 1951 1808 1869 3904
2016/02/18:21:47:16 1780172990 1951 1808 1869 3406
2016/02/18:22:44:54 1780172990 1951 1808 1869 3406
2016/02/19:07:53:10 1780172990 1951 1808 1869 4447
2016/02/19:09:39:07 1780172990 1951 1808 1869 4448
2016/02/19:11:30:28 1780172990 1951 1808 1869 5260
2016/02/19:13:07:50 1780172990 1950 1808 1869 5483
2016/02/19:15:04:48 1780172990 1950 1808 1869 5483
2016/02/19:16:54:35 1780172990 1950 1808 1869 6152
2016/02/19:17:27:03 1780172990 1950 1808 1869 5068
2016/02/19:17:43:30 1780172990 1950 1808 1869 5068
2016/02/19:19:32:57 1780172990 1950 1808 1869 5095
2016/02/19:20:30:04 1780172990 1950 1808 1869 5095
2016/02/19:22:15:36 1780172990 1950 1808 1869 6786
2016/02/20:02:04:12 1780172990 1950 1808 1869 7947
2016/02/20:06:11:47 1780172990 1950 1808 1869 5719
2016/02/20:09:20:25 1780172990 1950 1808 1869 6788
2016/02/20:10:37:49 1780172990 1950 1870 1870 6789
2016/02/20:11:17:07 1780172990 1950 1870 1870 6856
2016/02/20:12:10:13 1780172990 2271 1870 2229 6856
2016/02/20:13:08:14 1780172990 2271 1870 2228 6856
2016/02/20:14:29:45 1780172990 2271 1870 2228 6926
2016/02/20:15:40:45 1780172990 2271 1870 2228 4989
2016/02/20:16:55:05 1780172990 2271 1870 2228 4989
2016/02/20:18:50:03 1780172990 2271 1870 2226 6074
2016/02/20:19:41:38 1780172990 2271 1870 2226 6074
2016/02/20:21:22:36 1780172990 2271 1870 2226 6074
2016/02/20:21:46:11 1780172990 2271 1870 2226 5862
2016/02/21:02:27:11 1780172990 2271 1858 2220 8410
2016/02/21:09:47:45 1780172990 2271 1858 2210 11348
2016/02/21:10:54:58 1780172990 2271 1858 2209 11348
2016/02/21:11:45:58 1780172990 2271 1858 2207 11348
2016/02/21:14:15:58 1780172990 2271 1858 2204 10986
2016/02/21:15:01:29 1780172990 2271 1858 2203 11279
2016/02/21:17:23:05 1780172990 2271 1858 2201 13607
2016/02/21:17:47:08 1780172990 2271 1858 2201 13607
2016/02/21:18:17:35 1780172990 2271 1858 2201 13607
2016/02/21:20:17:17 1780172990 2271 1858 2201 12875
2016/02/21:22:04:50 1780172990 2271 1858 2199 16735
2016/02/21:22:29:07 1780172990 2271 1858 2199 16735
2016/02/21:23:39:51 1780172990 2271 1858 2199 15637
2016/02/22:07:51:31 1780172990 2271 1858 2197 10718
2016/02/22:09:55:01 1780172990 2271 1858 2196 10661
2016/02/22:11:06:08 1780172990 2271 1858 2195 11603
2016/02/22:12:03:53 1780172990 2271 1858 2195 11603
2016/02/22:15:24:23 1780172990 2271 1858 2193 11767
2016/02/22:16:47:05 1780172990 2271 1858 2193 7546
2016/02/23:09:35:13 1780172990 2271 1858 2191 8484
2016/02/23:11:01:31 1780172990 2271 1858 2191 10004
2016/02/23:12:04:26 1780172990 2271 1858 2190 9929
2016/02/23:13:54:57 1780172990 2271 1858 2189 10087
2016/02/23:15:10:29 1780172990 2271 1858 2189 10604
2016/02/23:16:09:15 1780172990 2271 1858 2189 10604
2016/02/23:17:29:53 1780172990 2271 1858 2189 12092
2016/02/24:09:18:57 1780172990 2271 1858 2180 19768
2016/02/24:11:21:39 1780172990 2271 1858 2178 19466
2016/02/24:13:11:54 1780172990 2271 1858 2176 18847
2016/02/24:14:16:14 1780172990 2271 1858 2175 18847
2016/02/24:16:51:36 1780172990 2271 1858 2174 18847
2016/02/24:19:44:30 1780172990 2271 1858 2174 5718
2016/02/24:21:12:57 1780172990 2271 1858 2174 4654
2016/02/24:22:45:57 1780172990 2271 1858 2174 4654
2016/02/24:23:08:48 1780172990 2271 1858 2174 4654
2016/02/25:08:09:24 1780172990 2271 1858 2172 4317
2016/02/25:09:02:53 1780172990 2271 1858 2170 4317
2016/02/25:10:12:58 1780172990 2271 1858 2170 4553
2016/02/25:11:38:06 1780172990 2271 1858 2170 4553
2016/02/25:15:22:57 1780172990 2271 1858 2170 5616
2016/02/25:16:55:22 1780172990 2271 1858 2170 5616
2016/02/25:19:05:12 1780172990 2271 1858 2168 3974
2016/02/25:21:37:43 1780172990 2271 1858 2168 4211
2016/02/25:22:34:50 1780172990 2271 1858 2168 4211
2016/02/26:07:34:13 1780172990 2221 1836 2166 6847
2016/02/26:08:51:05 1780172990 2221 1835 2164 6849
2016/02/26:09:53:34 1780172990 2221 1834 2164 6754
2016/02/26:10:54:48 1780172990 2221 1834 2163 6754
2016/02/26:13:23:18 1780172990 2221 1832 2157 7306
2016/02/26:15:31:50 1780172990 2221 1830 2153 8408
2016/02/26:19:56:00 1780172990 2221 1828 2147 9612
2016/02/26:22:51:28 1780172990 2221 1826 2144 8426
2016/02/26:23:54:00 1780172990 2221 1826 2143 8426
2016/02/27:08:11:45 1780172990 2221 1821 2140 9297
2016/02/27:09:42:51 1780172990 2221 1819 2138 9879
2016/02/27:10:43:18 1780172990 2221 1808 2137 9879
2016/02/27:14:27:49 1780172990 2221 1808 2134 9746
2016/02/27:16:34:47 1780172990 2221 1808 2133 9887
2016/02/27:17:10:07 1780172990 2221 1808 2132 9887
2016/02/27:17:51:51 1780172990 2221 1808 2132 11200
2016/02/27:19:45:57 1780172990 2221 1808 2132 11200
2016/02/27:23:58:38 1780172990 2221 1808 2129 4902
2016/02/28:00:30:22 1780172990 2221 1808 2129 4902
2016/02/28:03:44:47 1780172990 2221 1808 2129 5641
2016/02/28:10:29:22 1780172990 2215 1808 2120 8048
2016/02/28:11:17:14 1780172990 2215 1808 2120 8048
2016/02/28:13:20:13 1780172990 2215 1808 2118 7998
2016/02/28:17:24:39 1780172990 2215 1808 2116 6545
2016/02/28:19:36:27 1780172990 2215 1808 2114 5893
2016/02/28:20:51:20 1780172990 2215 1808 2112 5893
2016/02/28:22:22:51 1780172990 2215 1808 2112 5655
2016/02/28:23:02:42 1780172990 2215 1808 2112 5657
2016/02/29:09:28:45 1780172990 2194 1808 2108 12316
2016/02/29:10:36:47 1780172990 2194 1808 2106 11844
2016/02/29:11:58:34 1780172990 2194 1808 2105 11844
2016/02/29:12:27:38 1780172990 2194 1808 2105 12028
2016/02/29:12:46:54 1780172990 2194 1808 2104 12028
2016/02/29:13:50:37 1780172990 2194 1808 2104 12028
2016/02/29:15:26:57 1780172990 2194 1808 2102 12912
2016/02/29:15:48:21 1780172990 2194 1808 2102 12912
2016/02/29:16:22:58 1780172990 2194 1808 2102 12912
2016/03/01:02:16:48 1780172990 2194 1808 2095 8372
2016/03/01:09:33:09 1780172990 2173 1808 2092 8107
2016/03/01:11:57:34 1780172990 2173 1808 2090 7059
2016/03/01:14:54:48 1780172990 2173 1808 2087 7344
2016/03/01:15:20:19 1780172990 2173 1808 2086 7344
2016/03/01:18:43:45 1780172990 2173 1808 2086 9829
2016/03/01:20:04:21 1780172990 2173 1808 2086 9829
2016/03/01:21:03:15 1780172990 2173 1808 2084 9016
2016/03/01:21:55:19 1780172990 2173 1808 2084 8938
2016/03/01:23:10:54 1780172990 2173 1808 2083 8938
2016/03/01:23:26:24 1780172990 2173 1808 2082 8938
2016/03/02:07:27:07 1780172990 2173 1808 2080 11775
2016/03/02:09:41:38 1780172990 2152 1808 2078 11517
2016/03/02:12:02:00 1780172990 2152 1808 2076 13039
2016/03/02:12:50:11 1780172990 2152 1808 2076 12916
2016/03/02:15:54:21 1780172990 2152 1808 2074 12775
2016/03/02:16:49:39 1780172990 2152 1808 2073 13782
2016/03/02:18:45:22 1780172990 2152 1808 2071 9684
2016/03/02:19:32:47 1780172990 2152 1808 2070 9684
2016/03/02:19:39:45 1780172990 2152 1808 2070 9684
2016/03/02:21:24:27 1780172990 2152 1808 2070 6637
2016/03/02:23:07:52 1780172990 2152 1808 2068 6789
2016/03/03:09:26:53 1780172990 2152 1808 2062 7867
2016/03/03:10:22:32 1780172990 2131 1808 2061 7867
2016/03/03:10:37:40 1780172990 2131 1808 2061 7139
2016/03/03:11:39:04 1780172990 2131 1808 2059 7139
2016/03/03:12:15:06 1780172990 2131 1808 2059 7139
2016/03/03:12:39:00 1780172990 2131 1808 2059 7139
2016/03/03:13:01:33 1780172990 2131 1808 2059 7336
2016/03/03:15:13:29 1780172990 2131 1808 2058 7525
2016/03/03:17:12:23 1780172990 2131 1808 2058 8333
2016/03/03:17:46:17 1780172990 2131 1808 2058 8333
2016/03/03:18:05:35 1780172990 2131 1808 2058 8333
2016/03/03:18:32:16 1780172990 2131 1808 2058 8333
2016/03/03:19:55:21 1780172990 2131 1808 2057 9884
2016/03/03:20:41:37 1780172990 2131 1808 2057 8293
2016/03/04:07:33:27 1780172990 2131 1808 2053 10684
2016/03/04:09:11:53 1780172990 2110 1808 2053 9004
2016/03/04:09:46:48 1780172990 2110 1808 2052 9004
2016/03/04:11:07:46 1780172990 2110 1808 2052 9135
2016/03/04:11:35:08 1780172990 2110 1808 2052 9135
2016/03/04:11:53:45 1780172990 2110 1808 2052 9135
2016/03/04:13:04:51 1780172990 2110 1808 2051 9156
2016/03/04:16:25:02 1780172990 2110 1808 2049 9661
2016/03/04:17:02:48 1780172990 2110 1808 2049 11075
2016/03/04:19:26:57 1780172990 2110 1808 2047 12976
2016/03/04:20:06:20 1780172990 2110 1808 2047 12976
2016/03/04:21:13:42 1780172990 2110 1808 2047 16268
2016/03/04:22:35:50 1780172990 2110 1808 2047 16268
2016/03/04:23:30:52 1780172990 2110 1808 2046 15433
2016/03/05:08:40:56 1780172990 2089 1808 2040 12956
2016/03/05:09:57:13 1780172990 2089 1808 2039 9542
2016/03/05:10:55:23 1780172990 2089 1808 2038 9766
2016/03/05:11:50:40 1780172990 2089 1808 2038 9766
2016/03/05:12:15:01 1780172990 2089 1808 2038 9766
2016/03/05:12:35:20 1780172990 2089 1808 2038 9766
2016/03/05:12:51:09 1780172990 2089 1808 2038 9766
2016/03/05:17:36:59 1780172990 2089 1808 2036 10411
2016/03/05:19:26:29 1780172990 2089 1808 2035 12028
2016/03/05:20:15:29 1780172990 2089 1808 2034 14073
2016/03/05:21:46:04 1780172990 2089 1808 2034 17613
2016/03/05:23:06:52 1780172990 2089 1808 2034 17613
2016/03/06:03:47:13 1780172990 2089 1808 2034 12829
2016/03/06:08:33:53 1780172990 2089 1808 2032 9812
2016/03/06:09:37:43 1780172990 2089 1808 2032 10706
2016/03/06:10:30:08 1780172990 2047 1808 2032 10706
2016/03/06:11:25:19 1780172990 2047 1808 2032 10706
2016/03/06:14:26:14 1780172990 2047 1766 2032 11431
2016/03/06:14:41:16 1780172990 2047 1766 2032 11431
2016/03/06:15:48:50 1780172990 2047 1766 2031 12139
2016/03/06:16:32:01 1780172990 2047 1766 2031 12139
2016/03/06:17:46:25 1780172990 2047 1766 2030 14370
2016/03/06:20:43:42 1780172990 2047 1766 2030 13936
2016/03/06:22:28:52 1780172990 2047 1766 2029 10052
2016/03/06:22:52:43 1780172990 2047 1766 2029 10052
2016/03/06:23:04:24 1780172990 2047 1766 2029 10052
2016/03/07:07:33:38 1780172990 2047 1766 2027 13692
2016/03/07:09:24:19 1780172990 2047 1766 2027 13469
2016/03/07:10:48:29 1780172990 2026 1766 2026 13214
2016/03/07:11:26:55 1780172990 2026 1745 2026 13215
2016/03/07:12:31:07 1780172990 2026 1745 2026 14123
2016/03/07:13:57:00 1780172990 2026 1745 2026 14995
2016/03/07:15:26:13 1780172990 2026 1745 2026 17303
2016/03/07:16:15:49 1780172990 2026 1745 2026 17303
2016/03/07:16:53:16 1780172990 2026 1745 2026 17305
2016/03/07:19:05:47 1780172990 2026 1745 2026 16610
2016/03/07:22:37:37 1780172990 2026 1745 2026 25107
2016/03/07:23:44:44 1780172990 2026 1745 2025 25109
2016/03/08:07:38:58 1780172990 2026 1745 2022 14790
2016/03/08:09:01:38 1780172990 2026 1745 2022 14597
2016/03/08:11:52:01 1780172990 2005 1745 2021 15540
2016/03/08:13:09:08 1780172990 2005 1724 2020 15540
2016/03/08:14:36:39 1780172990 2005 1724 2020 16354
2016/03/08:17:11:55 1780172990 2005 1724 2019 6856
2016/03/08:19:39:03 1780172990 2005 1724 2019 7717
2016/03/09:07:43:22 1780172990 2005 1724 2014 5419
2016/03/09:09:53:44 1780172990 2005 1724 2014 5535
2016/03/09:10:49:14 1780172990 2005 1724 2014 6068
2016/03/09:14:59:08 1780172990 2271 1816 2012 7192
2016/03/09:15:50:09 1780172990 2271 1816 2012 7192
2016/03/09:18:38:19 1780172990 2271 1816 2012 8644
2016/03/09:19:55:52 1780172990 2271 1816 2012 8644
2016/03/09:20:23:38 1780172990 2271 1816 2012 8644
2016/03/09:21:12:31 1780172990 2271 1816 2012 8117
2016/03/09:22:29:19 1780172990 2271 1816 2011 8117
2016/03/09:22:41:14 1780172990 2271 1816 2011 8117
2016/03/09:23:21:19 1780172990 2271 1816 2011 8035
2016/03/09:23:42:31 1780172990 2271 1816 2011 8035
2016/03/10:05:00:13 1780172990 2271 1816 2010 4292
2016/03/10:07:47:15 1780172990 2271 1816 2009 4416
2016/03/10:09:33:40 1780172990 2221 1816 2008 5194
2016/03/10:10:41:30 1780172990 2221 1816 2008 5194
2016/03/10:11:03:39 1780172990 2221 1816 2008 5355
2016/03/10:11:54:22 1780172990 2221 1816 2008 5355
2016/03/10:12:22:11 1780172990 2221 1816 2007 5355
2016/03/10:13:47:27 1780172990 2221 1816 2007 5484
2016/03/10:14:00:37 1780172990 2221 1816 2007 5484
2016/03/10:15:26:33 1780172990 2221 1816 2007 5935
2016/03/10:16:35:45 1780172990 2221 1816 2006 5935
2016/03/10:19:13:00 1780172990 2221 1816 2006 6067
2016/03/10:20:16:34 1780172990 2221 1816 2006 6068
2016/03/10:22:51:38 1780172990 2221 1816 2006 5936
2016/03/11:07:44:27 1780172990 2221 1816 2005 4907
2016/03/11:09:45:34 1780172990 2221 1809 2005 5728
2016/03/11:13:37:32 1780172990 2221 1808 2005 6066
2016/03/11:15:46:50 1780172990 2221 1808 2005 4878
2016/03/11:16:43:45 1780172990 2221 1808 2005 4878
2016/03/11:17:25:07 1780172990 2221 1808 2005 4590
2016/03/11:19:31:43 1780172990 2221 1808 2005 4690
2016/03/11:22:43:56 1780172990 2221 1808 2005 3988
2016/03/12:12:07:52 1780172990 2221 1808 1998 5983
2016/03/12:13:43:25 1780172990 2215 1808 1998 6076
2016/03/12:18:50:19 1780172990 2215 1808 1996 7837
2016/03/13:09:24:57 1780172990 2215 1808 1987 5996
2016/03/13:11:09:41 1780172990 2194 1808 1986 6279
2016/03/13:16:17:25 1780172990 2194 1808 1983 6744
2016/03/13:18:11:16 1780172990 2194 1808 1982 6085
2016/03/13:19:41:42 1780172990 2194 1808 1982 6085
2016/03/13:22:40:06 1780172990 2194 1808 1980 9152
2016/03/14:07:44:07 1780172990 2194 1808 1974 12476
2016/03/14:08:55:14 1780172990 2194 1808 1973 10748
2016/03/14:09:33:20 1780172990 2194 1808 1972 10748
2016/03/14:10:09:51 1780172990 2194 1808 1972 10748
2016/03/15:14:37:39 1780172990 2271 1816 1959 9398
2016/03/15:17:20:43 1780172990 2271 1815 1959 8212
2016/03/15:18:38:41 1780172990 2271 1815 1958 8212
2016/03/15:20:02:48 1780172990 2271 1815 1958 8215
2016/03/15:20:37:26 1780172990 2271 1815 1958 8215
2016/03/15:22:32:32 1780172990 2271 1815 1958 7633
2016/03/16:00:23:37 1780172990 2271 1815 1957 4143
2016/03/16:08:01:22 1780172990 2271 1815 1953 6080
2016/03/16:21:27:48 1780172990 2271 1815 1950 6606
2016/03/16:23:18:38 1780172990 2271 1815 1950 6606
2016/03/17:07:20:46 1780172990 2271 1816 1947 7762
2016/03/17:08:47:28 1780172990 2271 1816 1947 7579
2016/03/17:13:36:47 1780172990 2271 1815 1945 8548
2016/03/17:14:27:08 1780172990 2271 1815 1945 8570
2016/03/17:15:52:44 1780172990 2271 1815 1945 8570
2016/03/17:17:11:21 1780172990 2271 1816 1945 6354
2016/03/17:18:13:21 1780172990 2271 1816 1945 7676
2016/03/17:22:17:05 1780172990 2271 1816 1944 9491
2016/03/18:07:32:06 1780172990 2221 1815 1942 7859
2016/03/18:08:44:16 1780172990 2221 1816 1941 7799
2016/03/18:13:35:44 1780172990 2221 1815 1940 8006
2016/03/19:00:28:24 1780172990 2221 1816 1936 7343
2016/03/19:10:32:24 1780172990 2156 1816 1933 6852
2016/03/19:12:06:55 1780172990 2156 1815 1932 6947
2016/03/19:12:59:14 1780172990 2156 1815 1932 6947
2016/03/19:20:52:33 1780172990 2156 1816 1927 12182
2016/03/19:23:30:19 1780172990 2156 1815 1926 11612
2016/03/20:08:02:16 1780172990 2156 1815 1921 9661
2016/03/20:09:43:08 1780172990 2156 1816 1919 9661
2016/03/20:12:04:09 1780172990 2156 1816 1919 9957
2016/03/20:13:33:22 1780172990 2156 1816 1917 9930
2016/03/20:14:30:52 1780172990 2156 1816 1917 9930
2016/03/20:17:54:04 1780172990 2156 1816 1917 11602
2016/03/20:19:53:15 1780172990 2156 1816 1917 11602
2016/03/20:21:41:29 1780172990 2156 1816 1917 13527
2016/03/21:08:03:15 1780172990 2156 1815 1917 6983
2016/03/21:09:13:13 1780172990 2156 1815 1917 6983
2016/03/21:10:04:02 1780172990 2156 1815 1917 7078
2016/03/21:17:49:13 1780172990 2156 1816 1917 5853
2016/03/21:19:09:13 1780172990 2156 1815 1917 7248
2016/03/21:22:56:00 1780172990 2156 1815 1917 5276
2016/03/22:10:02:19 1780172990 2156 1815 1917 8292
2016/03/22:10:53:04 1780172990 2156 1815 1917 8292
2016/03/22:11:52:47 1780172990 2156 1815 1917 8260
2016/03/23:07:46:37 1780172990 2135 1808 1917 10167
2016/03/23:09:13:46 1780172990 2135 1808 1917 10168
2016/03/23:12:57:58 1780172990 2135 1808 1917 11310
2016/03/23:13:56:32 1780172990 2135 1808 1917 11310
2016/03/23:17:38:05 1780172990 2135 1808 1917 12311
2016/03/23:18:49:03 1780172990 2135 1808 1917 8713
2016/03/23:19:57:43 1780172990 2135 1808 1917 8713
2016/03/23:21:10:29 1780172990 2114 1808 1917 8713
2016/03/23:21:59:06 1780172990 2114 1808 1917 11385
2016/03/23:22:55:51 1780172990 2114 1808 1917 11385
2016/03/24:07:43:09 1780172990 2114 1808 1912 5124
2016/03/24:09:51:30 1780172990 2114 1808 1910 5285
2016/03/24:10:56:03 1780172990 2114 1808 1910 5603
2016/03/24:12:06:37 1780172990 2114 1808 1909 5603
2016/03/24:13:51:00 1780172990 2114 1808 1908 5817
2016/03/24:15:01:01 1780172990 2114 1808 1908 5014
2016/03/24:16:45:54 1780172990 2114 1808 1908 5014
2016/03/24:18:32:19 1780172990 2114 1808 1908 4706
2016/03/24:20:42:23 1780172990 2114 1808 1908 5518
2016/03/24:22:45:39 1780172990 2093 1808 1908 5830
2016/03/25:07:36:51 1780172990 2093 1808 1905 5524
2016/03/25:09:12:07 1780172990 2093 1808 1904 6335
2016/03/25:21:39:04 1780172990 2093 1808 1898 6940
2016/03/26:09:55:04 1780172990 2051 1770 1892 11422
2016/03/26:13:12:44 1780172990 2051 1770 1890 11500
2016/03/26:17:49:30 1780172990 2051 1770 1887 7463
2016/03/26:20:20:02 1780172990 2051 1770 1885 9030
2016/03/27:13:42:26 1780172990 2030 1749 1883 12518
2016/03/28:18:23:16 1780172990 2009 1728 1883 27913
2016/03/28:20:13:19 1780172990 2379 1728 1883 36370
2016/03/28:21:17:13 1780172990 2379 1808 1883 36370
2016/03/29:06:28:09 1780172990 2379 1808 1883 20183
2016/03/29:07:35:52 1780172990 2379 1808 1883 20183
2016/03/29:10:44:11 1780172990 2379 1808 1883 22643
2016/03/29:15:01:00 1780172990 2379 1808 1883 23217
2016/03/29:16:15:56 1780172990 2379 1808 1883 23847
2016/03/29:19:11:43 1780172990 2379 1808 1883 29658
2016/03/29:21:33:53 1780172990 1974 1808 1883 14347
2016/03/30:09:03:15 1780172990 1974 1808 1883 32175
2016/03/30:13:17:08 1780172990 1974 1808 1883 31162
2016/03/30:15:42:04 1780172990 1974 1808 1883 31644
2016/03/30:16:24:42 1780172990 1974 1808 1883 31644
2016/03/30:18:43:07 1780172990 1974 1808 1883 44840
2016/03/30:20:51:47 1780172990 1974 1808 1883 55355
2016/03/31:06:49:55 1780172990 1974 1808 1883 9629
2016/03/31:08:35:12 1780172990 1974 1808 1883 8449
2016/03/31:09:23:21 1780172990 1974 1808 1883 8449
2016/03/31:12:23:22 1780172990 1974 1808 1883 9494
2016/03/31:13:29:41 1780172990 1974 1808 1883 10946
2016/03/31:14:19:48 1780172990 1974 1808 1883 10946
2016/03/31:16:14:16 1780172990 1974 1808 1883 5562
2016/03/31:21:00:46 1780172990 1974 1808 1883 8842
2016/04/01:07:10:36 1780172990 1974 1808 1883 5894
2016/04/01:08:21:21 1780172990 1974 1808 1883 6187
2016/04/01:09:10:54 1780172990 1974 1808 1883 6187
2016/04/01:16:14:08 1780172990 1974 1808 1883 9062
2016/04/01:17:20:54 1780172990 1974 1808 1883 9062
2016/04/01:18:19:52 1780172990 1974 1808 1883 7108
2016/04/01:19:17:57 1780172990 1974 1808 1883 7108
2016/04/01:21:09:54 1780172990 1974 1808 1883 5925
2016/04/01:22:20:32 1780172990 1974 1808 1883 5925
2016/04/02:07:56:47 1780172990 1974 1808 1883 11486
2016/04/02:09:08:42 1780172990 1974 1816 1883 11638
2016/04/02:19:48:32 1780172990 1974 1816 1882 17673
2016/04/02:22:16:51 1780172990 1974 1816 1882 19632
2016/04/03:08:45:25 1780172990 2164 1809 1877 16595
2016/04/03:09:39:37 1780172990 2164 1808 1876 16597
2016/04/04:19:34:47 1780172990 2164 1808 1868 15058
2016/04/04:22:15:41 1780172990 2164 1808 1868 10984
2016/04/05:06:46:03 1780172990 2164 1808 1865 7731
2016/04/05:14:56:01 1780172990 2164 1808 1861 9190
2016/04/05:15:48:35 1780172990 2164 1808 1861 10870
2016/04/05:21:26:56 1780172990 2164 1808 1858 9916
2016/04/06:06:43:50 1780172990 2164 1808 1856 20414
2016/04/06:10:30:25 1780172990 2164 1816 1856 18700
2016/04/06:14:16:44 1780172990 2164 1816 1854 20543
2016/04/06:22:40:14 1780172990 2199 1816 1854 13171
2016/04/07:07:03:13 1780172990 2199 1815 1853 21380
2016/04/07:17:09:40 1780172990 2199 1816 1852 26585
2016/04/07:18:26:13 1780172990 2199 1816 1852 12977
2016/04/08:10:10:41 1780172990 2199 1816 1849 18286
2016/04/09:07:41:29 1780172990 2199 1816 1849 10268
2016/04/10:06:47:35 1780172990 2199 1815 1849 8950
2016/04/10:08:19:43 1780172990 2199 1816 1849 9290
2016/04/10:09:56:27 1780172990 2199 1816 1849 9290
2016/04/10:10:30:54 1780172990 2199 1816 1849 9422
2016/04/10:11:08:19 1780172990 2199 1816 1849 9422
2016/04/10:15:57:36 1780172990 2199 1816 1849 11639
2016/04/10:21:26:28 1780172990 2199 1816 1849 16468
2016/04/11:00:44:16 1780172990 2199 1816 1849 21909
2016/04/11:06:31:52 1780172990 2199 1809 1849 32086
2016/04/11:08:32:39 1780172990 2199 1809 1849 29072
2016/04/11:12:45:16 1780172990 2199 1809 1849 31776
2016/04/12:06:54:02 1780172990 2199 1809 1849 8362
2016/04/12:07:55:53 1780172990 2199 1809 1849 8362
2016/04/12:09:15:38 1780172990 2199 1809 1849 8525
2016/04/12:12:53:06 1780172990 2199 1809 1849 8778
2016/04/12:21:23:05 1780172990 2199 1809 1849 6091
2016/04/13:08:01:44 1780172990 2164 1809 1849 8723
2016/04/13:11:15:58 1780172990 2164 1809 1849 8808
2016/04/13:14:55:32 1780172990 2164 1809 1849 4950
2016/04/13:15:47:30 1780172990 2164 1809 1849 4950
2016/04/14:06:34:21 1780172990 2164 1809 1848 4588
2016/04/14:08:23:48 1780172990 2164 1809 1848 4589
2016/04/14:09:16:11 1780172990 2164 1809 1848 4747
2016/04/15:11:45:41 1780172990 2164 1809 1848 4073
2016/04/17:18:56:43 1780172990 2164 1809 1836 20316
2016/04/17:21:40:05 1780172990 2164 1809 1835 22581
2016/04/18:07:51:24 1780172990 2164 1809 1831 18559
2016/04/18:09:14:19 1780172990 2164 1809 1830 18253
2016/11/27:12:06:49 1780172990 2372 1643 1800 30054
2016/12/22:10:13:01 1780172990 2177 1790 1790 13771
2016/12/22:12:08:21 1780172990 2177 1790 1790 14941
2016/12/24:17:46:30 1780172990 2177 1643 1790 11651
2016/12/24:20:15:10 1780172990 2177 1643 1790 7859
2016/12/24:23:06:17 1780172990 2177 1643 1790 9113
2016/12/25:11:18:49 1780172990 2177 1643 1790 11612
2016/12/25:20:47:46 1780172990 2177 1643 1790 17743
2016/12/26:14:58:37 1780172990 2177 1643 1790 14001
2016/12/26:16:41:23 1780172990 2177 1643 1790 17018
2016/12/26:18:41:08 1780172990 2177 1643 1790 18155
2016/12/27:00:11:17 1780172990 2177 1643 1790 26047
2016/12/27:01:11:09 1780172990 2177 1643 1790 26047
2016/12/27:02:11:06 1780172990 2177 1643 1790 29319
2016/12/27:03:11:11 1780172990 2177 1643 1790 12985
2016/12/27:04:11:13 1780172990 2177 1643 1790 12985
2016/12/27:05:11:12 1780172990 2177 1643 1790 13855
2016/12/27:08:11:15 1780172990 2177 1643 1790 14133
2016/12/27:09:11:13 1780172990 2177 1643 1790 14186
2016/12/27:10:11:17 1780172990 2177 1643 1790 14186
2016/12/27:11:11:11 1780172990 2177 1643 1790 14768
2016/12/27:12:11:19 1780172990 2177 1643 1790 15576
2016/12/27:13:11:10 1780172990 2177 1643 1790 15576
2016/12/27:14:11:16 1780172990 2177 1643 1790 9671
2016/12/27:16:11:11 1780172990 2177 1643 1790 11069
2016/12/27:17:11:14 1780172990 2177 1643 1790 13880
2016/12/27:18:11:09 1780172990 2177 1643 1790 13880
2016/12/27:20:11:09 1780172990 2177 1643 1790 18481
2016/12/27:22:11:16 1780172990 2177 1643 1790 20027
2016/12/27:23:11:09 1780172990 2177 1643 1790 23230
2016/12/28:01:11:11 1780172990 2177 1643 1790 24509
2016/12/28:02:11:11 1780172990 2177 1643 1790 27690
2016/12/28:04:11:15 1780172990 2177 1643 1790 28016
2016/12/28:05:11:06 1780172990 2177 1643 1790 28335
2016/12/28:06:11:15 1780172990 2177 1643 1790 27501
2016/12/28:08:11:15 1780172990 2177 1643 1790 26833
2016/12/28:10:11:12 1780172990 2177 1643 1790 25963
2016/12/28:12:11:12 1780172990 2177 1643 1790 27971
2016/12/28:14:11:09 1780172990 2177 1643 1790 5302
2016/12/28:17:11:06 1780172990 2177 1643 1790 7897
2016/12/28:18:11:07 1780172990 2177 1643 1790 7897
2016/12/28:22:11:02 1780172990 2177 1643 1790 5160
2016/12/29:00:11:07 1780172990 2177 1643 1790 7068
2016/12/29:01:11:06 1780172990 2177 1643 1790 7068
2016/12/29:02:11:06 1780172990 2177 1643 1790 6181
2016/12/29:04:11:13 1780172990 2177 1643 1790 6663
2016/12/29:05:11:03 1780172990 2177 1643 1790 7091
2016/12/29:06:11:03 1780172990 2177 1635 1790 7232
2016/12/29:08:11:09 1780172990 2177 1635 1635 7438
2016/12/29:12:11:08 1780172990 2177 1635 1635 8459
2016/12/29:15:11:19 1780172990 2177 1635 1635 11305
2016/12/29:16:11:10 1780172990 2177 1635 1635 11305
2016/12/29:17:11:13 1780172990 2177 1635 1635 13772
2016/12/29:18:11:11 1780172990 2177 1635 1635 14697
2016/12/29:19:11:05 1780172990 2177 1635 1635 14697
2016/12/29:20:11:20 1780172990 2177 1635 1635 10523
2016/12/29:22:11:12 1780172990 2177 1635 1635 11527
2016/12/29:23:11:13 1780172990 2177 1635 1635 13492
2016/12/30:00:11:06 1780172990 2177 1635 1635 14351
2016/12/30:01:11:11 1780172990 2177 1635 1635 14351
2016/12/30:02:11:10 1780172990 2177 1635 1635 16382
2016/12/30:04:11:11 1780172990 2177 1635 1635 16747
2016/12/30:05:11:04 1780172990 2177 1635 1635 17216
2016/12/30:06:11:08 1780172990 2177 1635 1635 16823
2016/12/30:08:11:11 1780172990 2177 1635 1635 16612
2016/12/30:10:11:17 1780172990 2177 1635 1635 16315
2016/12/30:11:11:07 1780172990 2177 1635 1636 16662
2016/12/30:12:11:09 1780172990 2177 1635 1635 17272
2016/12/30:13:11:03 1780172990 2177 1635 1635 17272
2016/12/30:14:11:30 1780172990 2177 1635 1635 20530
2016/12/30:16:11:12 1780172990 2177 1635 1635 22068
2016/12/30:17:11:13 1780172990 2177 1635 1635 13040
2016/12/30:18:11:08 1780172990 2177 1635 1635 14297
2016/12/30:19:11:18 1780172990 2177 1635 1635 14297
2016/12/30:20:11:04 1780172990 2177 1635 1635 17078
2016/12/30:21:11:08 1780172990 2177 1635 1635 10844
2016/12/30:22:11:13 1780172990 2177 1635 1635 10844
2016/12/30:23:11:05 1780172990 2177 1635 1635 12798
2016/12/31:00:11:07 1780172990 2177 1635 1635 13808
2016/12/31:01:11:07 1780172990 2177 1635 1635 13808
2016/12/31:02:11:09 1780172990 2177 1635 1635 15870
2016/12/31:03:11:05 1780172990 2177 1635 1635 16465
2016/12/31:04:11:08 1780172990 2177 1635 1635 16465
2016/12/31:05:11:06 1780172990 2177 1635 1635 17039
2016/12/31:06:11:08 1780172990 2177 1635 1635 16908
2016/12/31:07:11:11 1780172990 2177 1635 1635 16908
2016/12/31:08:11:11 1780172990 2177 1635 1635 16810
2016/12/31:09:11:11 1780172990 2177 1635 1635 16602
2016/12/31:10:11:11 1780172990 2177 1635 1635 16602
2016/12/31:11:11:05 1780172990 2177 1635 1635 16883
2016/12/31:12:11:09 1780172990 2177 1635 1635 17421
2016/12/31:13:11:06 1780172990 2177 1635 1635 17421
2016/12/31:14:11:07 1780172990 2177 1635 1635 20219
2016/12/31:15:11:29 1780172990 2177 1635 1635 21682
2016/12/31:17:11:14 1780172990 2177 1635 1635 25255
2016/12/31:18:11:14 1780172990 2177 1635 1635 26380
2016/12/31:20:11:07 1780172990 2177 1635 1635 29907
2017/01/01:20:11:05 1780172990 2177 1635 1635 24947
2017/01/01:21:11:11 1780172990 2177 1635 1635 27001
2017/01/01:22:11:08 1780172990 2177 1635 1635 27001
2017/01/01:23:11:02 1780172990 2177 1635 1635 32204
2017/01/02:00:11:11 1780172990 2177 1635 1635 34042
2017/01/02:01:11:09 1780172990 2177 1635 1635 34042
2017/01/02:02:11:09 1780172990 2177 1635 1635 40713
2017/01/02:03:11:06 1780172990 2177 1635 1635 40493
2017/01/02:04:11:12 1780172990 2177 1635 1635 40493
2017/01/02:05:11:11 1780172990 2177 1635 1635 16376
2017/01/02:06:11:07 1780172990 2177 1635 1635 16657
2017/01/02:08:11:09 1780172990 2177 1635 1635 16997
2017/01/02:09:11:09 1780172990 2177 1635 1635 17136
2017/01/02:10:11:19 1780172990 2177 1635 1635 17136
2017/01/02:11:11:16 1780172990 2177 1635 1635 17865
2017/01/02:12:11:08 1780172990 2177 1635 1635 18875
2017/01/02:16:11:03 1780172990 2177 1635 1635 26417
2017/01/02:17:11:01 1780172990 2177 1635 1635 33906
2017/01/02:18:11:08 1780172990 2177 1635 1635 36438
2017/01/02:19:11:03 1780172990 2177 1635 1635 36438
2017/01/02:20:11:07 1780172990 2177 1635 1635 46015
2017/01/29:12:11:18 1780172990 2177 1700 1749 9585
2017/01/29:12:48:40 1780172990 2177 1700 1749 10373
