Time: ISBN: Retail-Price: Lowest-New-Price: Lowest-Used-Price: Sales-Rank
2016/03/05:11:55:51 1848720041 8500 7243 4499 5491468
2016/03/05:12:20:12 1848720041 8500 7243 4499 5491469
2016/03/05:12:40:25 1848720041 8500 7243 4499 5491469
2016/03/05:12:56:14 1848720041 8500 7243 4499 5491469
2016/03/05:17:42:05 1848720041 8500 7243 4499 5491882
2016/03/05:19:31:32 1848720041 8500 7243 4499 5491933
2016/03/05:20:20:33 1848720041 8500 7243 4499 5492037
2016/03/05:21:51:08 1848720041 8500 7243 4499 5492348
2016/03/05:23:11:57 1848720041 8500 7243 4499 5492579
2016/03/06:03:52:16 1848720041 8500 7243 4499 5493128
2016/03/06:08:38:57 1848720041 8500 7243 4499 5493790
2016/03/06:09:42:47 1848720041 8500 7243 4499 5493882
2016/03/06:10:35:13 1848720041 8500 7243 4499 5494261
2016/03/06:11:30:28 1848720041 8500 7243 4499 5494275
2016/03/06:14:31:19 1848720041 8500 7243 4499 5494374
2016/03/06:14:46:19 1848720041 8500 7243 4499 5494374
2016/03/06:15:53:56 1848720041 8500 7243 4499 5494644
2016/03/06:16:37:04 1848720041 8500 7243 4499 5494644
2016/03/06:17:51:29 1848720041 8500 7243 4499 5494779
2016/03/06:20:48:46 1848720041 8500 7243 4499 5495034
2016/03/06:22:33:55 1848720041 8500 7243 4499 5495223
2016/03/06:22:57:46 1848720041 8500 7243 4499 5495256
2016/03/06:23:09:28 1848720041 8500 7243 4499 5495256
2016/03/07:07:38:44 1848720041 8500 7243 4499 5496226
2016/03/07:09:29:22 1848720041 8500 7243 4499 5496671
2016/03/07:10:53:32 1848720041 8500 7243 4499 5496672
2016/03/07:11:31:58 1848720041 8500 7243 4499 5497302
2016/03/07:12:36:11 1848720041 8500 7243 4499 5497433
2016/03/07:14:02:03 1848720041 8500 7243 4499 5497549
2016/03/07:15:31:16 1848720041 8500 7243 4499 5497549
2016/03/07:16:20:53 1848720041 8500 7243 4499 5497658
2016/03/07:16:58:20 1848720041 8500 7243 4499 5497929
2016/03/07:19:10:51 1848720041 8500 7243 4499 5498094
2016/03/07:22:42:41 1848720041 8500 7243 4499 5498527
2016/03/07:23:49:47 1848720041 8500 7243 4499 5498793
2016/03/08:07:44:02 1848720041 8500 7243 4499 5499817
2016/03/08:09:06:41 1848720041 8500 7243 4499 5500359
2016/03/08:11:57:05 1848720041 8500 7243 4499 5500870
2016/03/08:13:14:13 1848720041 8500 7243 4499 5500867
2016/03/08:14:41:43 1848720041 8500 7243 4499 5500958
2016/03/08:17:16:58 1848720041 8500 7243 4499 5501309
2016/03/08:19:44:07 1848720041 8500 7243 4499 5501423
2016/03/09:07:48:25 1848720041 8500 7243 4499 5503361
2016/03/09:09:58:47 1848720041 8500 7243 4499 5503886
2016/03/09:10:54:27 1848720041 8500 7243 4499 5504055
2016/03/09:15:04:11 1848720041 8500 7243 4499 5504827
2016/03/09:15:55:13 1848720041 8500 7243 4499 5504827
2016/03/09:18:43:22 1848720041 8500 7243 4499 5505007
2016/03/09:20:00:56 1848720041 8500 7243 4499 5505074
2016/03/09:20:28:42 1848720041 8500 7243 4499 5505282
2016/03/09:21:17:58 1848720041 8500 7243 4499 5505369
2016/03/09:22:34:26 1848720041 8500 7243 4499 5505369
2016/03/09:22:46:18 1848720041 8500 7243 4499 5505369
2016/03/09:23:26:22 1848720041 8500 7243 4499 5505615
2016/03/09:23:47:35 1848720041 8500 7243 4499 5505615
2016/03/10:05:05:17 1848720041 8500 7243 4499 5506594
2016/03/10:07:52:18 1848720041 8500 7243 4499 5507060
2016/03/10:09:39:34 1848720041 8500 7243 4499 5507224
2016/03/10:11:09:08 1848720041 8500 7243 4499 5507818
2016/03/10:11:59:30 1848720041 8500 7243 4499 5507820
2016/03/10:12:27:15 1848720041 8500 7243 4499 5507820
2016/03/10:13:52:31 1848720041 8500 7243 4499 5508113
2016/03/10:14:05:41 1848720041 8500 7243 4499 5508113
2016/03/10:15:31:37 1848720041 8500 7243 4499 5508203
2016/03/10:16:40:49 1848720041 8500 7243 4499 5508324
2016/03/10:19:18:12 1848720041 8500 7243 4499 5508471
2016/03/10:20:21:38 1848720041 8500 7243 4499 5508745
2016/03/10:22:56:41 1848720041 8500 7243 4499 5508903
2016/03/11:07:49:30 1848720041 8500 7243 4499 5510099
2016/03/11:09:51:01 1848720041 8500 7243 4499 5511005
2016/03/11:13:42:40 1848720041 8500 7243 4499 5511124
2016/03/11:15:53:31 1848720041 8500 7243 4499 5511403
2016/03/11:16:49:31 1848720041 8500 7243 4499 5511450
2016/03/11:17:30:16 1848720041 8500 7243 4499 5511569
2016/03/11:19:36:47 1848720041 8500 7243 4499 5511748
2016/03/11:22:49:00 1848720041 8500 7243 4499 5511944
2016/03/12:12:12:56 1848720041 8500 7243 4499 5513989
2016/03/12:13:48:30 1848720041 8500 7243 4499 5514368
2016/03/12:18:55:37 1848720041 8500 7243 4499 5514542
2016/03/13:09:30:00 1848720041 8500 7243 4499 5516354
2016/03/13:11:14:45 1848720041 8500 7243 4499 5516768
2016/03/13:16:22:29 1848720041 8500 7243 4499 5516949
2016/03/13:18:16:25 1848720041 8500 7243 4499 5517122
2016/03/13:19:46:46 1848720041 8500 7243 4499 5517164
2016/03/13:22:45:11 1848720041 8500 7243 4499 5517581
2016/03/14:07:49:11 1848720041 8500 7243 4499 5518435
2016/03/14:09:00:18 1848720041 8500 7243 4499 5518639
2016/03/14:09:38:24 1848720041 8500 7243 4499 5518639
2016/03/14:10:14:55 1848720041 8500 7243 4499 5518639
2016/03/15:14:49:20 1848720041 8500 7243 4499 5522611
2016/03/15:17:32:26 1848720041 8500 7243 4499 5523051
2016/03/15:18:50:22 1848720041 8500 7243 4499 5523164
2016/03/15:20:14:27 1848720041 8500 7243 4499 5523169
2016/03/15:20:48:57 1848720041 8500 7243 4499 5523390
2016/03/15:22:44:13 1848720041 8500 7243 4499 5523847
2016/03/16:00:35:13 1848720041 8500 7243 4499 5523847
2016/03/16:08:12:55 1848720041 8500 7243 4499 5525064
2016/03/16:21:39:33 1848720041 8500 7243 4499 5526653
2016/03/16:23:30:29 1848720041 8500 7243 4499 5527083
2016/03/17:07:32:30 1848720041 8500 7243 4499 5528227
2016/03/17:08:59:07 1848720041 8500 7243 4499 5528227
2016/03/17:13:48:34 1848720041 8500 7243 4499 5528906
2016/03/17:14:38:50 1848720041 8500 7243 4499 5528889
2016/03/17:16:04:30 1848720041 8500 7243 4499 5529121
2016/03/17:17:23:00 1848720041 8500 7243 4499 5529171
2016/03/17:18:25:15 1848720041 8500 7243 4499 5529328
2016/03/17:22:29:04 1848720041 8500 7243 4499 5529945
2016/03/18:07:43:51 1848720041 8500 7243 4499 5531325
2016/03/18:08:55:55 1848720041 8500 7243 4499 5531335
2016/03/18:13:47:35 1848720041 8500 7243 4499 5532071
2016/03/19:00:40:16 1848720041 8500 7243 4499 5533258
2016/03/19:10:44:09 1848720041 8500 7243 4499 5534725
2016/03/19:13:10:54 1848720041 8500 7243 4499 5534988
2016/03/19:21:04:18 1848720041 8500 7243 4499 5535394
2016/03/19:23:42:04 1848720041 8500 7243 4499 5535521
2016/03/20:08:14:13 1848720041 8500 7243 4499 5536849
2016/03/20:09:54:55 1848720041 8500 7243 4499 5536849
2016/03/20:12:15:54 1848720041 8500 7243 4499 5537518
2016/03/20:13:45:15 1848720041 8500 7243 4499 5537490
2016/03/20:14:42:39 1848720041 8500 7243 4499 5537585
2016/03/20:18:05:43 1848720041 8500 7243 4499 5537686
2016/03/20:20:04:52 1848720041 8500 7243 4499 5537702
2016/03/20:21:53:20 1848720041 8500 7243 4499 5537945
2016/03/21:08:14:58 1848720041 8500 7243 4499 5539574
2016/03/21:09:24:52 1848720041 8500 7243 4499 5539574
2016/03/21:10:15:42 1848720041 8500 7243 4499 5539573
2016/03/21:18:00:50 1848720041 8500 7243 4499 5540596
2016/03/21:19:20:53 1848720041 8500 7243 4499 5540631
2016/03/21:23:07:47 1848720041 8500 7243 4499 5541179
2016/03/22:10:13:55 1848720041 8500 7243 4499 5542846
2016/03/22:11:04:41 1848720041 8500 7243 4499 5543294
2016/03/23:08:01:20 1848720041 8500 7243 4499 5545783
2016/03/23:09:28:24 1848720041 8500 7243 4499 5546433
2016/03/23:13:12:41 1848720041 8500 7243 4499 5546494
2016/03/23:17:52:56 1848720041 8500 7243 4499 5546891
2016/03/23:19:03:41 1848720041 8500 7243 4499 5547072
2016/03/23:20:12:27 1848720041 8500 7243 4499 5547177
2016/03/23:21:25:07 1848720041 8500 7243 4499 5547177
2016/03/23:22:13:48 1848720041 8500 7243 4499 5547366
2016/03/23:23:10:37 1848720041 8500 7243 4499 5547366
2016/03/24:07:57:52 1848720041 8500 7243 4499 5548519
2016/03/24:10:06:09 1848720041 8500 7243 4499 5548896
2016/03/24:11:10:46 1848720041 8500 7243 4499 5548870
2016/03/24:12:21:17 1848720041 8500 7243 4499 5549144
2016/03/24:14:05:43 1848720041 8500 7243 4499 5549317
2016/03/24:15:15:56 1848720041 8500 7243 4499 5549398
2016/03/24:17:00:41 1848720041 8500 7243 4499 5549498
2016/03/24:20:57:03 1848720041 8500 7243 4499 5549888
2016/03/24:23:00:58 1848720041 8500 7243 4499 5549945
2016/03/25:07:51:59 1848720041 8500 7243 4499 5551485
2016/03/25:21:54:33 1848720041 8500 7243 4499 5553063
2016/03/26:10:10:25 1848720041 8500 7243 4499 5554516
2016/03/26:13:27:54 1848720041 8500 7243 4499 5554829
2016/03/26:18:04:43 1848720041 8500 7243 4499 5555056
2016/03/26:20:35:09 1848720041 8500 7243 4499 5555129
2016/03/28:18:38:33 1848720041 8500 7243 4499 5559919
2016/03/28:20:28:32 1848720041 8500 7243 4499 5560057
2016/03/28:21:32:18 1848720041 8500 7243 4499 5560306
2016/03/29:06:43:16 1848720041 8500 7243 4499 5561292
2016/03/29:15:16:08 1848720041 8500 7243 4499 5562439
2016/03/29:16:31:21 1848720041 8500 7243 4499 5562540
2016/03/29:19:26:50 1848720041 8500 7243 4499 5562728
2016/03/29:21:49:08 1848720041 8500 7243 4499 5562913
2016/03/30:09:18:28 1848720041 8500 7243 4499 5565384
2016/03/30:13:32:11 1848720041 8500 7243 4499 5565626
2016/03/30:15:57:09 1848720041 8500 7243 4499 5565777
2016/03/30:16:40:34 1848720041 8500 7243 4499 5565777
2016/03/30:18:58:13 1848720041 8500 7243 4499 5566007
2016/03/30:21:06:43 1848720041 8500 7243 4499 5566190
2016/03/31:07:04:48 1848720041 8500 7243 4499 5567655
2016/03/31:08:50:17 1848720041 8500 7243 4499 5567964
2016/03/31:09:38:18 1848720041 8500 7243 4499 5567964
2016/03/31:12:38:40 1848720041 8500 7243 4499 5568680
2016/03/31:13:44:52 1848720041 8500 7243 4499 5568717
2016/03/31:16:29:23 1848720041 8500 7243 4499 5568878
2016/03/31:21:16:01 1848720041 8500 7243 4499 5569559
2016/04/01:07:25:39 1848720041 8500 7243 4499 5570901
2016/04/01:09:25:56 1848720041 8500 7243 4499 5571165
2016/04/01:16:28:59 1848720041 8500 7243 4499 5572123
2016/04/01:17:35:55 1848720041 8500 7243 4499 5572116
2016/04/01:18:34:45 1848720041 8500 7243 4499 5572368
2016/04/01:19:32:54 1848720041 8500 7243 4499 5572369
2016/04/01:21:24:58 1848720041 8500 7243 4499 5572728
2016/04/01:22:35:32 1848720041 8500 7243 4499 5572727
2016/04/02:08:11:52 1848720041 8500 7243 4499 5574349
2016/04/02:09:23:44 1848720041 8500 7243 4499 5574542
2016/04/02:20:03:39 1848720041 8500 7243 4499 5575235
2016/04/02:22:31:52 1848720041 8500 7243 4499 5575437
2016/04/03:09:00:21 1848720041 8500 7243 4499 5576706
2016/04/03:09:54:36 1848720041 8500 7243 4499 5576923
2016/04/04:19:49:48 1848720041 8500 7243 4499 5580039
2016/04/05:07:01:04 1848720041 8500 7243 4499 5577656
2016/04/05:15:11:01 1848720041 8500 7243 4499 5576725
2016/04/05:16:03:42 1848720041 8500 7243 4499 5575878
2016/04/05:21:42:04 1848720041 8500 7243 4499 5575126
2016/04/06:06:58:50 1848720041 8500 7243 4499 5575830
2016/04/06:22:55:23 1848720041 8500 7243 4499 5576048
2016/04/07:07:18:19 1848720041 8500 7243 4499 5577622
2016/04/07:17:25:02 1848720041 8500 7243 4499 5578630
2016/04/07:18:41:16 1848720041 8500 7243 4499 5578959
2016/04/08:10:25:55 1848720041 8500 7243 4499 5581234
2016/04/09:07:56:50 1848720041 8500 7243 4499 5578882
2016/04/10:07:02:46 1848720041 8500 7243 4499 5581371
2016/04/10:08:35:03 1848720041 8500 7243 4499 5581576
2016/04/10:10:11:43 1848720041 8500 7243 4499 5581554
2016/04/10:10:46:00 1848720041 8500 7243 4499 5581431
2016/04/10:11:23:30 1848720041 8500 7243 4499 5581431
2016/04/10:16:12:52 1848720041 8500 7243 4499 5581276
2016/04/10:21:42:05 1848720041 8500 7243 4499 5581757
2016/04/11:00:59:33 1848720041 8500 7243 4499 5582028
2016/04/11:06:47:14 1848720041 8500 7243 4499 5582909
2016/04/11:13:00:19 1848720041 8500 7243 4499 5582872
2016/04/12:07:09:26 1848720041 8500 7243 4499 5584909
2016/04/12:08:11:02 1848720041 8500 7243 4499 5585292
2016/04/12:21:38:20 1848720041 8500 7243 4499 5586811
2016/04/13:08:16:45 1848720041 8500 7243 4499 5588443
2016/04/13:11:30:57 1848720041 8500 7243 4499 5588916
2016/04/13:15:10:33 1848720041 8500 7243 4499 5588961
2016/04/14:06:49:12 1848720041 8500 7243 4499 5591182
2016/04/14:08:38:33 1848720041 8500 7243 4499 5591424
2016/04/14:09:30:57 1848720041 8500 7243 4499 5591424
2016/04/15:12:00:27 1848720041 8500 7243 4499 5594674
2016/04/17:19:11:35 1848720041 8500 7243 4499 5600629
2016/04/17:21:54:49 1848720041 8500 7243 4499 5601018
2016/04/18:08:06:09 1848720041 8500 7243 4499 5602689
2016/04/18:09:29:07 1848720041 8500 7243 4499 5602674
2016/12/22:12:17:37 1848720041 8500 8500 14207 1985094
2016/12/24:17:55:49 1848720041 8500 8500 14207 1984061
2016/12/25:11:28:03 1848720041 8500 8500 14207 1980931
2016/12/25:20:57:15 1848720041 8500 8500 14207 1980194
2016/12/26:15:07:45 1848720041 8500 8500 14207 1977127
2016/12/26:16:50:36 1848720041 8500 8500 14207 1977411
2016/12/26:18:50:13 1848720041 8500 8500 14207 1977547
2016/12/27:00:20:38 1848720041 8500 8500 14207 1978217
2016/12/27:01:20:19 1848720041 8500 8500 14207 1978217
2016/12/27:02:20:08 1848720041 8500 8500 14207 1978298
2016/12/27:03:20:22 1848720041 8500 8500 14207 1978139
2016/12/27:04:20:25 1848720041 8500 8500 14207 1977858
2016/12/27:05:20:21 1848720041 8500 8500 14205 1977858
2016/12/27:08:20:32 1848720041 8500 8500 14205 1976995
2016/12/27:09:20:27 1848720041 8500 8500 14205 1976498
2016/12/27:10:20:33 1848720041 8500 8500 14205 1976042
2016/12/27:11:20:23 1848720041 8500 8500 14205 1976042
2016/12/27:12:20:30 1848720041 8500 8500 14205 1975691
2016/12/27:13:20:23 1848720041 8500 8500 14205 1975717
2016/12/27:14:20:41 1848720041 8500 8500 14205 1975717
2016/12/27:17:20:25 1848720041 8500 8500 14205 1976206
2016/12/27:18:20:17 1848720041 8500 8500 14205 1976206
2016/12/27:20:20:18 1848720041 8500 8500 14205 1976769
2016/12/27:22:20:31 1848720041 8500 8500 14205 1977534
2016/12/27:23:20:21 1848720041 8500 8500 14205 1977534
2016/12/28:01:20:25 1848720041 8500 8500 14205 1977629
2016/12/28:02:20:22 1848720041 8500 8500 14205 1977935
2016/12/28:04:20:33 1848720041 8500 8500 14205 1977506
2016/12/28:05:20:15 1848720041 8500 8500 14205 1977506
2016/12/28:06:20:29 1848720041 8500 8500 14205 1977056
2016/12/28:08:20:38 1848720041 8500 8500 14205 1976687
2016/12/28:10:20:24 1848720041 8500 8500 14205 1975794
2016/12/28:12:20:29 1848720041 8500 8500 14205 1975474
2016/12/28:22:20:16 1848720041 8500 8500 14205 1976721
2016/12/29:00:20:18 1848720041 8500 8500 14205 1977599
2016/12/29:01:20:15 1848720041 8500 8500 14205 1977599
2016/12/29:02:20:18 1848720041 8500 8500 14205 1977930
2016/12/29:04:20:29 1848720041 8500 8500 14205 1977533
2016/12/29:06:20:13 1848720041 8500 8500 14205 1977226
2016/12/29:08:20:23 1848720041 8500 8500 14205 1976734
2016/12/29:15:20:38 1848720041 8500 8500 14205 1975684
2016/12/29:16:20:26 1848720041 8500 8500 14205 1976094
2016/12/29:18:20:26 1848720041 8500 8500 14205 1976244
2016/12/29:19:20:11 1848720041 8500 8500 14205 1976244
2016/12/29:22:20:20 1848720041 8500 8500 14205 1977365
2016/12/29:23:20:24 1848720041 8500 8500 14205 1977365
2016/12/30:00:20:14 1848720041 8500 8500 14205 1977535
2016/12/30:01:20:19 1848720041 8500 8500 14205 1977535
2016/12/30:02:20:22 1848720041 8500 8500 14205 1977818
2016/12/30:05:20:10 1848720041 8500 8500 14205 1977406
2016/12/30:06:20:14 1848720041 8500 8500 14205 1976956
2016/12/30:08:20:35 1848720041 8500 8500 14205 1976470
2016/12/30:10:20:26 1848720041 8500 8500 14205 1975419
2016/12/30:11:20:13 1848720041 8500 8500 14205 1975419
2016/12/30:12:20:18 1848720041 8500 8500 14205 1975009
2016/12/30:13:20:06 1848720041 8500 8500 14205 1975053
2016/12/30:14:20:45 1848720041 8500 8500 14205 1975053
2016/12/30:19:20:32 1848720041 8500 8500 14205 1976077
2016/12/30:22:20:28 1848720041 8500 8500 14205 1976363
2016/12/30:23:20:14 1848720041 8500 8500 14205 1976728
2016/12/31:00:20:17 1848720041 8500 8500 14205 1976888
2016/12/31:01:20:15 1848720041 8500 8500 14205 1977113
2016/12/31:02:20:21 1848720041 8500 8500 14205 1977113
2016/12/31:03:20:11 1848720041 8500 8500 14205 1977044
2016/12/31:04:20:15 1848720041 8500 8500 14205 1976834
2016/12/31:05:20:13 1848720041 8500 8500 14205 1976834
2016/12/31:06:20:17 1848720041 8500 8500 14205 1976434
2016/12/31:07:20:24 1848720041 8500 8500 14205 1976003
2016/12/31:08:20:22 1848720041 8500 8500 14205 1976003
2016/12/31:10:20:18 1848720041 8500 8500 14205 1975491
2016/12/31:11:20:12 1848720041 8500 8500 14205 1975028
2016/12/31:12:20:20 1848720041 8500 8500 14205 1974700
2016/12/31:13:20:12 1848720041 8500 8500 14205 1974700
2016/12/31:14:20:14 1848720041 8500 8500 14205 1974784
2016/12/31:15:20:48 1848720041 8500 8500 14205 1974665
2017/01/01:20:20:20 1848720041 8500 8500 14205 1972840
2017/01/01:22:20:15 1848720041 8500 8500 14205 1973443
2017/01/01:23:20:05 1848720041 8500 8500 14205 1973443
2017/01/02:00:20:27 1848720041 8500 8500 14205 1973642
2017/01/02:01:20:19 1848720041 8500 8500 14205 1973642
2017/01/02:02:20:22 1848720041 8500 8500 14205 1974013
2017/01/02:03:20:13 1848720041 8500 8500 14205 1974071
2017/01/02:04:20:26 1848720041 8500 8500 14205 1973905
2017/01/02:05:20:24 1848720041 8500 8500 14205 1973905
2017/01/02:06:20:14 1848720041 8500 8500 14205 1973519
2017/01/02:08:20:21 1848720041 8500 8500 14205 1973009
2017/01/02:10:20:44 1848720041 8500 8500 14205 1972008
2017/01/02:16:20:10 1848720041 8500 8500 14205 1971679
2017/01/02:19:20:19 1848720041 8500 8500 14205 1972627
