Time: ISBN: Retail-Price: Lowest-New-Price: Lowest-Used-Price: Sales-Rank 
2016/02/21:17:49:10 9400754094 7200 4639 4636 1338145
2016/02/21:18:19:37 9400754094 7200 4639 4636 1338191
2016/02/21:20:19:18 9400754094 7200 4639 4636 1337442
2016/02/21:22:31:09 9400754094 7200 4639 4636 1338656
2016/02/21:23:41:53 9400754094 7200 4639 4636 1337864
2016/02/22:07:53:32 9400754094 7200 4639 4636 1341998
2016/02/22:09:57:04 9400754094 7200 4639 4636 1341918
2016/02/22:11:08:10 9400754094 7200 4639 4636 1342443
2016/02/22:12:05:55 9400754094 7200 4639 4636 1342443
2016/02/22:15:26:24 9400754094 7200 4639 4636 1342146
2016/02/22:16:49:07 9400754094 7200 4639 4636 1342186
2016/02/23:09:37:14 9400754094 7200 4639 4636 1346973
2016/02/23:11:03:34 9400754094 7200 4639 4636 1347988
2016/02/23:12:06:29 9400754094 7200 4639 4636 1347402
2016/02/23:13:56:59 9400754094 7200 4639 4636 1347220
2016/02/23:15:12:31 9400754094 7200 4639 4636 1346957
2016/02/23:16:11:16 9400754094 7200 4639 4636 1346953
2016/02/23:17:31:55 9400754094 7200 4639 4636 1347269
2016/02/24:09:20:59 9400754094 7200 4639 4636 1352131
2016/02/24:11:24:00 9400754094 7200 4639 4636 1351874
2016/02/24:13:13:56 9400754094 7200 4639 4636 1351394
2016/02/24:14:18:15 9400754094 7200 4639 4636 1351608
2016/02/24:16:53:37 9400754094 7200 4639 4636 1351608
2016/02/24:19:46:32 9400754094 7200 4639 4636 1351758
2016/02/24:21:14:59 9400754094 7200 4639 4636 1354255
2016/02/24:22:48:01 9400754094 7200 4639 4636 1354254
2016/02/24:23:10:50 9400754094 7200 4639 4636 1353574
2016/02/25:08:11:25 9400754094 7200 4639 4636 1357326
2016/02/25:09:04:55 9400754094 7200 4639 4636 1357326
2016/02/25:10:15:00 9400754094 7200 4639 4636 1356831
2016/02/25:11:40:07 9400754094 7200 4639 4636 1356530
2016/02/25:15:24:59 9400754094 7200 4639 4636 1356139
2016/02/25:16:57:24 9400754094 7200 4639 4636 1356795
2016/02/25:19:07:13 9400754094 7200 4639 4636 1356832
2016/02/25:21:39:45 9400754094 7200 4639 4636 1358168
2016/02/25:22:36:52 9400754094 7200 4639 4636 1358166
2016/02/26:07:36:15 9400754094 7200 4639 4636 1360861
2016/02/26:08:53:07 9400754094 7200 4639 4636 1361480
2016/02/26:09:55:36 9400754094 7200 4639 4636 1360728
2016/02/26:10:56:50 9400754094 7200 4639 4636 1361028
2016/02/26:13:25:20 9400754094 7200 4639 4636 1360012
2016/02/26:15:33:51 9400754094 7200 4639 4636 1360067
2016/02/26:19:58:01 9400754094 7200 4639 4636 1360446
2016/02/26:23:56:02 9400754094 7200 4639 4636 1361937
2016/02/27:08:13:47 9400754094 7200 4639 4636 1363550
2016/02/27:09:44:53 9400754094 7200 4639 4636 1363444
2016/02/27:10:45:20 9400754094 7200 4639 4636 1363815
2016/02/27:14:29:51 9400754094 7200 4639 4636 1362360
2016/02/27:16:36:49 9400754094 7200 4872 4636 1361552
2016/02/27:17:12:08 9400754094 7200 4872 4636 1361575
2016/02/27:17:53:53 9400754094 7200 4872 4636 1361575
2016/02/27:19:47:59 9400754094 7200 4872 4636 1361577
2016/02/28:00:00:40 9400754094 7200 4872 4636 1362789
2016/02/28:00:32:23 9400754094 7200 4872 4636 1363280
2016/02/28:03:46:49 9400754094 7200 4872 4636 1365038
2016/02/28:10:31:23 9400754094 7200 4872 4636 1365155
2016/02/28:11:19:15 9400754094 7200 4872 4636 1365155
2016/02/28:13:22:16 9400754094 7200 4872 4636 1364221
2016/02/28:17:26:40 9400754094 7200 4872 4636 1362425
2016/02/28:19:38:28 9400754094 7200 4872 4636 1362830
2016/02/28:20:53:22 9400754094 7200 4872 4636 1363025
2016/02/28:22:24:52 9400754094 7200 4872 4636 1363942
2016/02/28:23:04:44 9400754094 7200 4872 4636 1364146
2016/02/29:09:30:47 9400754094 7200 4872 4636 1366809
2016/02/29:10:38:49 9400754094 7200 4872 4636 1365959
2016/02/29:12:00:35 9400754094 7200 4872 4636 1366020
2016/02/29:12:29:39 9400754094 7200 4872 4636 1366153
2016/02/29:12:49:02 9400754094 7200 4872 4636 1366153
2016/02/29:13:52:39 9400754094 7200 4872 4636 1366242
2016/02/29:15:28:59 9400754094 7200 4872 4636 1365019
2016/02/29:15:50:23 9400754094 7200 4872 4636 1365019
2016/02/29:16:25:00 9400754094 7200 4872 4636 1365019
2016/03/01:02:18:50 9400754094 7200 4872 4869 1368053
2016/03/01:09:35:11 9400754094 7200 4872 4869 1370340
2016/03/01:11:59:35 9400754094 7200 4872 4869 1369959
2016/03/01:15:22:20 9400754094 7200 4872 4869 1369493
2016/03/01:18:45:47 9400754094 7200 4872 4869 1369461
2016/03/01:20:06:22 9400754094 7200 4872 4869 1369520
2016/03/01:21:05:16 9400754094 7200 4872 4869 1370866
2016/03/01:21:57:21 9400754094 7200 4872 4869 1370160
2016/03/01:23:12:56 9400754094 7200 4872 4869 1370382
2016/03/01:23:28:26 9400754094 7200 4872 4869 1370382
2016/03/02:07:29:09 9400754094 7200 4872 4869 1374347
2016/03/02:09:43:42 9400754094 7200 4872 4869 1373994
2016/03/02:12:04:02 9400754094 7200 4872 4869 1374826
2016/03/02:12:52:14 9400754094 7200 4872 4869 1374269
2016/03/02:15:56:22 9400754094 7200 4872 4869 1373728
2016/03/02:16:51:41 9400754094 7200 4872 4869 1373299
2016/03/02:18:47:24 9400754094 7200 4872 4869 1373762
2016/03/02:21:26:29 9400754094 7200 4872 4869 1375429
2016/03/02:23:09:54 9400754094 7200 4872 4869 1374762
2016/03/03:09:28:55 9400754094 7200 4872 4869 1377926
2016/03/03:10:24:33 9400754094 7200 4872 4869 1377926
2016/03/03:10:39:42 9400754094 7200 4872 4869 1377926
2016/03/03:11:41:05 9400754094 7200 4872 4869 1379176
2016/03/03:12:17:09 9400754094 7200 4872 4869 1379176
2016/03/03:12:41:01 9400754094 7200 4872 4869 1379176
2016/03/03:13:03:34 9400754094 7200 4872 4869 1378413
2016/03/03:15:15:30 9400754094 7200 4872 4869 1377908
2016/03/03:17:14:25 9400754094 7200 4872 4869 1377518
2016/03/03:17:48:20 9400754094 7200 4872 4869 1377518
2016/03/03:18:07:37 9400754094 7200 4872 4869 1377518
2016/03/03:18:34:17 9400754094 7200 4872 4869 1377518
2016/03/03:19:57:22 9400754094 7200 4872 5120 1378058
2016/03/03:20:43:38 9400754094 7200 4872 5120 1378058
2016/03/04:07:35:28 9400754094 7200 4872 5120 1381472
2016/03/04:09:13:54 9400754094 7200 4797 5120 1383013
2016/03/04:09:48:50 9400754094 7200 4797 5120 1383013
2016/03/04:11:09:48 9400754094 7200 4797 5120 1383103
2016/03/04:11:37:10 9400754094 7200 4797 5120 1382440
2016/03/04:11:55:47 9400754094 7200 4797 5120 1382440
2016/03/04:13:06:53 9400754094 7200 4797 5120 1381440
2016/03/04:16:27:03 9400754094 7200 4797 5120 1381033
2016/03/04:17:04:50 9400754094 7200 4797 5120 1380985
2016/03/04:19:28:59 9400754094 7200 4797 5120 1381468
2016/03/04:20:08:22 9400754094 7200 4797 5120 1381468
2016/03/04:21:15:47 9400754094 7200 4797 5120 1381468
2016/03/04:22:37:51 9400754094 7200 4797 5120 1382596
2016/03/04:23:32:54 9400754094 7200 4797 5120 1382596
2016/03/05:08:42:57 9400754094 7200 4797 6516 1383434
2016/03/05:09:59:17 9400754094 7200 4797 6513 1383889
2016/03/05:10:57:25 9400754094 7200 4797 6512 1383757
2016/03/05:11:52:42 9400754094 7200 4797 6512 1383757
2016/03/05:12:17:04 9400754094 7200 4797 6510 1383757
2016/03/05:12:37:23 9400754094 7200 4797 6509 1383757
2016/03/05:12:53:12 9400754094 7200 4797 6509 1383757
2016/03/05:17:39:04 9400754094 7200 4797 6501 1382068
2016/03/05:19:28:30 9400754094 7200 4797 6498 1382112
2016/03/05:20:17:31 9400754094 7200 4797 6497 1382249
2016/03/05:21:48:05 9400754094 7200 4797 6494 1382858
2016/03/05:23:08:54 9400754094 7200 4797 6493 1382141
2016/03/06:03:49:14 9400754094 7200 4797 6484 1382974
2016/03/06:08:35:55 9400754094 7200 4797 6475 1383631
2016/03/06:09:39:45 9400754094 7200 4797 6475 1383749
2016/03/06:10:32:11 9400754094 7200 4797 6473 1384127
2016/03/06:11:27:20 9400754094 7200 4797 6473 1384127
2016/03/06:14:28:16 9400754094 7200 4797 6470 1382798
2016/03/06:14:43:17 9400754094 7200 4797 6470 1382798
2016/03/06:15:50:52 9400754094 7200 4797 6469 1382976
2016/03/06:16:34:02 9400754094 7200 4797 6469 1382247
2016/03/06:17:48:27 9400754094 7200 4797 6466 1382169
2016/03/06:20:45:45 9400754094 7200 4797 6463 1381268
2016/03/06:22:30:53 9400754094 7200 4797 6464 1381875
2016/03/06:22:54:44 9400754094 7200 4797 6462 1381907
2016/03/06:23:06:25 9400754094 7200 4797 6462 1381907
2016/03/07:07:35:40 9400754094 7200 4797 6452 1383954
2016/03/07:09:26:20 9400754094 7200 4797 6449 1383711
2016/03/07:10:50:31 9400754094 7200 4797 6448 1382944
2016/03/07:11:28:56 9400754094 7200 4797 6447 1383574
2016/03/07:12:33:09 9400754094 7200 4797 6446 1383691
2016/03/07:13:59:01 9400754094 7200 4797 6445 1383184
2016/03/07:15:28:14 9400754094 7200 4797 6445 1383067
2016/03/07:16:17:50 9400754094 7200 4797 6443 1383067
2016/03/07:16:55:18 9400754094 7200 4797 6443 1383339
2016/03/07:19:07:49 9400754094 7200 4797 6443 1382439
2016/03/07:22:39:39 9400754094 7200 4797 6440 1383996
2016/03/07:23:46:45 9400754094 7200 4797 6440 1384262
2016/03/08:07:41:00 9400754094 7200 4797 6433 1385888
2016/03/08:09:03:39 9400754094 7200 4797 6432 1385689
2016/03/08:11:54:03 9400754094 7200 4797 6430 1385419
2016/03/08:13:11:11 9400754094 7200 4797 6429 1385417
2016/03/08:14:38:41 9400754094 7200 4797 6428 1384927
2016/03/08:17:13:56 9400754094 7200 4797 6425 1385259
2016/03/08:19:41:05 9400754094 7200 4797 6423 1384769
2016/03/09:07:45:24 9400754094 7200 4797 6410 1388064
2016/03/09:09:55:45 9400754094 7200 4797 6408 1388069
2016/03/09:10:51:24 9400754094 7200 4797 6406 1388263
2016/03/09:15:01:10 9400754094 7200 4797 6402 1388131
2016/03/09:15:52:11 9400754094 7200 4797 6402 1388131
2016/03/09:18:40:20 9400754094 7200 4797 6399 1387727
2016/03/09:19:57:54 9400754094 7200 4797 6399 1387814
2016/03/09:20:25:40 9400754094 7200 4797 6398 1388916
2016/03/09:21:14:50 9400754094 7200 4797 6398 1388916
2016/03/09:22:31:23 9400754094 7200 4797 6396 1388985
2016/03/09:22:43:16 9400754094 7200 4797 6396 1388216
2016/03/09:23:23:21 9400754094 7200 4797 6396 1388216
2016/03/09:23:44:33 9400754094 7200 4797 6396 1388216
2016/03/10:05:02:15 9400754094 7200 4797 6390 1391119
2016/03/10:07:49:16 9400754094 7200 4797 6387 1390647
2016/03/10:09:36:07 9400754094 7200 4797 6386 1391121
2016/03/10:10:47:33 9400754094 7200 4797 6384 1391119
2016/03/10:11:06:04 9400754094 7200 4797 6384 1391078
2016/03/10:11:56:25 9400754094 7200 4797 6383 1391078
2016/03/10:12:24:12 9400754094 7200 4797 6382 1391077
2016/03/10:13:49:30 9400754094 7200 4797 6380 1390620
2016/03/10:14:02:39 9400754094 7200 4797 6380 1390620
2016/03/10:15:28:34 9400754094 7200 4797 6379 1390301
2016/03/10:16:37:48 9400754094 7200 4797 6379 1390352
2016/03/10:19:15:11 9400754094 7200 4797 6377 1390851
2016/03/10:20:18:37 9400754094 7200 4797 6377 1391122
2016/03/10:22:53:39 9400754094 7200 4797 6376 1391897
2016/03/11:07:46:28 9400754094 7200 4797 6367 1392113
2016/03/11:09:47:43 9400754094 7200 4797 6364 1393321
2016/03/11:13:39:34 9400754094 7200 4797 6361 1392217
2016/03/11:15:50:27 9400754094 7200 4797 6360 1392348
2016/03/11:16:46:23 9400754094 7200 4797 6359 1392393
2016/03/11:17:27:12 9400754094 7200 4797 6358 1392393
2016/03/11:19:33:45 9400754094 7200 4797 4869 1392114
2016/03/11:22:45:58 9400754094 7200 4797 4869 1393102
2016/03/12:12:09:54 9400754094 7200 4797 4869 1393244
2016/03/12:13:45:27 9400754094 7200 4797 4869 1392898
2016/03/12:18:52:35 9400754094 7200 4797 4869 1392850
2016/03/13:09:26:58 9400754094 7200 4797 4869 1393101
2016/03/13:11:11:43 9400754094 7200 4797 4869 1392922
2016/03/13:16:19:27 9400754094 7200 4797 4869 1391622
2016/03/13:18:13:18 9400754094 7200 4797 4869 1391422
2016/03/13:19:43:43 9400754094 7200 4797 4869 1391465
2016/03/13:22:42:08 9400754094 7200 4797 4869 1391969
2016/03/14:07:46:09 9400754094 7200 4797 4869 1390837
2016/03/14:08:57:16 9400754094 7200 4797 4869 1392044
2016/03/14:09:35:22 9400754094 7200 4797 4869 1392044
2016/03/14:10:11:53 9400754094 7200 4797 4869 1392044
2016/03/15:14:41:56 9400754094 7200 4797 4869 1392310
2016/03/15:17:25:00 9400754094 7200 4797 4869 1392677
2016/03/15:18:42:58 9400754094 7200 4797 4794 1392791
2016/03/15:20:07:06 9400754094 7200 4797 4794 1392039
2016/03/15:20:41:42 9400754094 7200 4797 4794 1392261
2016/03/15:22:36:53 9400754094 7200 4797 4794 1393419
2016/03/16:00:27:54 9400754094 7200 4797 4794 1394326
2016/03/16:08:05:38 9400754094 7200 4797 4794 1394936
2016/03/16:21:32:09 9400754094 7200 4797 4794 1394055
2016/03/16:23:22:59 9400754094 7200 4797 4794 1394254
2016/03/17:07:25:04 9400754094 7200 4797 4794 1396745
2016/03/17:08:51:44 9400754094 7200 4797 4794 1394845
2016/03/17:13:41:06 9400754094 7200 4797 4794 1394850
2016/03/17:14:31:26 9400754094 7200 4797 4794 1394003
2016/03/17:15:57:03 9400754094 7200 4797 4794 1394236
2016/03/17:17:15:38 9400754094 7200 4797 4794 1393966
2016/03/17:18:17:40 9400754094 7200 4797 4794 1394357
2016/03/17:22:21:25 9400754094 7200 4797 4794 1394992
2016/03/18:07:36:24 9400754094 7200 4797 4794 1397374
2016/03/18:08:48:31 9400754094 7200 4797 4794 1396464
2016/03/18:13:40:03 9400754094 7200 4797 4794 1395480
2016/03/19:00:32:45 9400754094 7200 4797 4794 1396490
2016/03/19:10:36:42 9400754094 7200 4797 4794 1396371
2016/03/19:12:11:12 9400754094 7200 4797 4794 1395415
2016/03/19:13:03:30 9400754094 7200 4797 4794 1395665
2016/03/19:20:56:51 9400754094 7200 4797 4794 1395011
2016/03/19:23:34:38 9400754094 7200 4797 4794 1394440
2016/03/20:08:06:39 9400754094 7200 4797 4794 1395175
2016/03/20:09:47:28 9400754094 7200 4797 4794 1395175
2016/03/20:12:08:26 9400754094 7200 4797 4794 1395012
2016/03/20:13:37:42 9400754094 7200 4797 4794 1393151
2016/03/20:14:35:11 9400754094 7200 4797 4794 1393151
2016/03/20:17:58:18 9400754094 7200 4797 4794 1392191
2016/03/20:19:57:27 9400754094 7200 4797 4794 1392207
2016/03/20:21:45:47 9400754094 7200 4797 4794 1392576
2016/03/21:08:07:31 9400754094 7200 4797 4794 1394376
2016/03/21:09:17:27 9400754094 7200 4797 4794 1394376
2016/03/21:10:08:16 9400754094 7200 4797 4794 1393260
2016/03/21:17:53:29 9400754094 7200 4797 4794 1392222
2016/03/21:19:13:33 9400754094 7200 4797 4794 1392261
2016/03/21:23:00:19 9400754094 7200 4797 4794 1392973
2016/03/22:10:06:34 9400754094 7200 4797 4794 1394714
2016/03/22:10:57:19 9400754094 7200 4797 4794 1394714
2016/03/23:07:52:03 9400754094 7200 4797 4794 1395238
2016/03/23:09:19:08 9400754094 7200 4797 4794 1395755
2016/03/23:13:03:22 9400754094 7200 4797 4794 1394789
2016/03/23:14:01:52 9400754094 7200 4797 4794 1394006
2016/03/23:17:43:37 9400754094 7200 4797 4794 1393360
2016/03/23:18:54:23 9400754094 7200 4797 4794 1393448
2016/03/23:20:03:05 9400754094 7200 4797 4794 1393559
2016/03/23:21:15:48 9400754094 7200 4797 4794 1393559
2016/03/23:22:04:27 9400754094 7200 4797 4794 1394275
2016/03/23:23:01:14 9400754094 7200 4797 4794 1394275
2016/03/24:07:48:36 9400754094 7200 4797 4794 1396339
2016/03/24:09:56:56 9400754094 7200 4797 4794 1395962
2016/03/24:11:01:29 9400754094 7200 4797 4794 1395137
2016/03/24:12:12:03 9400754094 7200 4797 4794 1395412
2016/03/24:13:56:27 9400754094 7200 4797 4794 1394578
2016/03/24:15:06:30 9400754094 7200 4797 4794 1394236
2016/03/24:16:51:21 9400754094 7200 4797 4794 1394338
2016/03/24:20:47:45 9400754094 7200 4797 4794 1394465
2016/03/24:22:51:06 9400754094 7200 4797 4794 1393895
2016/03/25:07:42:16 9400754094 7200 4797 4794 1396234
2016/03/25:09:17:32 9400754094 7200 4797 4794 1396785
2016/03/25:21:44:48 9400754094 7200 4833 4794 1394723
2016/03/26:10:00:36 9400754094 7200 4833 4794 1394341
2016/03/26:13:18:15 9400754094 7200 4833 4794 1393406
2016/03/26:17:55:02 9400754094 7200 4833 4794 1392074
2016/03/26:20:25:31 9400754094 7200 4833 4794 1391862
2016/03/27:13:47:56 9400754094 7200 4833 4794 1390754
2016/03/28:18:28:48 9400754094 7200 4833 4830 1386522
2016/03/28:20:18:49 9400754094 7200 4833 4830 1386407
2016/03/28:21:22:40 9400754094 7200 4833 4830 1386367
2016/03/29:06:33:38 9400754094 7200 4833 4830 1387736
2016/03/29:10:49:31 9400754094 7200 4833 4830 1388211
2016/03/29:15:06:25 9400754094 7200 4833 4830 1386342
2016/03/29:16:21:18 9400754094 7200 4833 4830 1385295
2016/03/29:19:17:07 9400754094 7200 4833 4830 1385349
2016/03/29:21:39:21 9400754094 7200 4833 4830 1385487
2016/03/30:09:08:43 9400754094 7200 4833 4830 1389119
2016/03/30:13:22:28 9400754094 7200 4833 4830 1387418
2016/03/30:15:47:25 9400754094 7200 4833 4830 1386403
2016/03/30:16:30:57 9400754094 7200 4833 4830 1386403
2016/03/30:18:48:30 9400754094 7200 4833 4830 1385985
2016/03/30:20:57:07 9400754094 7200 4833 4830 1386659
2016/03/31:06:55:13 9400754094 7200 4833 4830 1387855
2016/03/31:08:40:36 9400754094 7200 4833 4830 1388995
2016/03/31:09:28:41 9400754094 7200 4833 4830 1388995
2016/03/31:12:28:49 9400754094 7200 4833 4830 1387635
2016/03/31:13:35:06 9400754094 7200 4833 4830 1387974
2016/03/31:14:25:08 9400754094 7200 4833 4830 1387379
2016/03/31:16:19:39 9400754094 7200 4833 4830 1387186
2016/03/31:21:06:08 9400754094 7200 4833 4830 1388151
2016/04/01:07:15:54 9400754094 7200 4833 4830 1390213
2016/04/01:08:26:40 9400754094 7200 4833 4830 1389942
2016/04/01:09:16:11 9400754094 7200 4833 4830 1389942
2016/04/01:16:19:23 9400754094 7200 4833 4830 1388217
2016/04/01:17:26:11 9400754094 7200 4833 4830 1388213
2016/04/01:18:25:08 9400754094 7200 4833 4830 1388213
2016/04/01:19:23:13 9400754094 7200 4833 4830 1388506
2016/04/01:21:15:13 9400754094 7200 4833 4830 1388867
2016/04/01:22:25:50 9400754094 7200 4833 4830 1388867
2016/04/02:08:02:08 9400754094 7200 4833 4830 1390319
2016/04/02:09:14:03 9400754094 7200 4833 4830 1390503
2016/04/02:19:53:55 9400754094 7200 4833 4830 1388157
2016/04/02:22:22:12 9400754094 7200 4833 4830 1388210
2016/04/03:08:50:42 9400754094 7200 4833 4830 1388588
2016/04/03:09:44:55 9400754094 7200 4833 4830 1388802
2016/04/04:19:40:02 9400754094 7200 4833 4830 1386039
2016/04/05:06:51:17 9400754094 7200 4833 4830 1388183
2016/04/05:15:01:15 9400754094 7200 4833 4830 1386744
2016/04/05:15:53:54 9400754094 7200 4833 4830 1386380
2016/04/05:21:32:14 9400754094 7200 4833 4830 1386858
2016/04/06:06:49:08 9400754094 7200 4833 4830 1389315
2016/04/06:10:35:37 9400754094 7200 4833 4830 1387712
2016/04/06:14:22:04 9400754094 7200 4833 4830 1387329
2016/04/06:22:45:34 9400754094 7200 4833 4830 1388705
2016/04/07:07:08:30 9400754094 7200 4833 4830 1389993
2016/04/07:17:15:03 9400754094 7200 4833 4830 1388963
2016/04/07:18:31:33 9400754094 7200 4911 4830 1389361
2016/04/08:10:16:08 9400754094 7200 4911 4830 1390920
2016/04/09:07:47:02 9400754094 7200 4911 4830 1391650
2016/04/10:06:53:05 9400754094 7200 4911 4830 1390956
2016/04/10:08:25:16 9400754094 7200 4911 4830 1390508
2016/04/10:10:01:57 9400754094 7200 4911 4830 1390505
2016/04/10:10:36:22 9400754094 7200 4911 4830 1390505
2016/04/10:11:13:48 9400754094 7200 4911 4830 1389681
2016/04/10:16:03:08 9400754094 7200 4911 4830 1388661
2016/04/10:21:32:06 9400754094 7200 4911 4830 1388556
2016/04/11:00:49:50 9400754094 7200 4911 4830 1388787
2016/04/11:06:37:24 9400754094 7200 4911 4830 1390521
2016/04/11:12:50:43 9400754094 7200 4911 4830 1388741
2016/04/12:06:59:35 9400754094 7200 4911 4908 1391357
2016/04/12:08:01:21 9400754094 7200 4911 4908 1391702
2016/04/12:09:21:06 9400754094 7200 4911 4908 1390943
2016/04/12:12:59:02 9400754094 7200 4911 4908 1390618
2016/04/12:21:28:34 9400754094 7200 4911 4908 1392151
2016/04/13:08:07:04 9400754094 7200 4911 4908 1392793
2016/04/13:11:21:15 9400754094 7200 4911 4908 1392531
2016/04/13:15:00:51 9400754094 7200 4911 4908 1391820
2016/04/13:15:52:49 9400754094 7200 4911 4908 1391835
2016/04/14:06:39:35 9400754094 7200 4911 4908 1394144
2016/04/14:08:29:04 9400754094 7200 4917 4908 1393655
2016/04/14:09:21:27 9400754094 7200 4917 4908 1393655
2016/04/15:11:50:57 9400754094 7200 4917 4908 1394466
2016/04/17:19:01:56 9400754094 7200 4924 4921 1394879
2016/04/17:21:45:15 9400754094 7200 4924 4921 1395076
2016/04/18:07:56:34 9400754094 7200 4924 4921 1396228
2016/04/18:09:19:29 9400754094 7200 4924 4921 1395705
2016/12/22:10:16:34 9400754094 7200 5716 5766 1161477
2016/12/22:12:11:58 9400754094 7200 5714 5766 1162973
2016/12/24:17:50:04 9400754094 7200 5694 5766 1197951
2016/12/24:20:18:45 9400754094 7200 5695 5766 1199052
2016/12/24:23:09:57 9400754094 7200 5693 5766 1200745
2016/12/25:11:22:24 9400754094 7200 5686 5766 1204550
2016/12/25:20:51:22 9400754094 7200 5681 5766 1208874
2016/12/26:15:02:10 9400754094 7200 5672 5766 1217611
2016/12/26:16:45:01 9400754094 7200 5672 5766 1219075
2016/12/26:18:44:42 9400754094 7200 5670 5766 1220145
2016/12/27:00:14:55 9400754094 7200 5669 5766 1225402
2016/12/27:01:14:43 9400754094 7200 5668 5766 1225402
2016/12/27:02:14:36 9400754094 7200 5668 5766 1226816
2016/12/27:03:14:45 9400754094 7200 5668 5766 1227646
2016/12/27:04:14:48 9400754094 7200 5668 5766 1228404
2016/12/27:05:14:45 9400754094 7200 5668 5766 1228404
2016/12/27:08:14:52 9400754094 7200 5666 5766 1229178
2016/12/27:09:14:48 9400754094 7200 5666 5766 1229428
2016/12/27:10:14:54 9400754094 7200 5666 5766 1229428
2016/12/27:11:14:44 9400754094 7200 5666 5766 1229806
2016/12/27:12:14:53 9400754094 7200 5665 5766 1230322
2016/12/27:13:14:45 9400754094 7200 5665 5766 1230322
2016/12/27:14:14:49 9400754094 7200 5665 5766 1231656
2016/12/27:17:14:48 9400754094 7200 5664 5766 1234228
2016/12/27:18:14:42 9400754094 7200 5664 5766 1234228
2016/12/27:20:14:42 9400754094 7200 5663 5766 1236697
2016/12/27:22:14:52 9400754094 7200 5662 5766 1237793
2016/12/27:23:14:44 9400754094 7200 5662 5766 1239421
2016/12/28:01:14:47 9400754094 7200 5662 5766 1240509
2016/12/28:02:14:46 9400754094 7200 5661 5766 1242142
2016/12/28:04:14:52 9400754094 7200 5661 5766 1242995
2016/12/28:05:14:41 9400754094 7200 5660 5766 1243678
2016/12/28:06:14:51 9400754094 7200 5660 5766 1243985
2016/12/28:08:14:52 9400754094 7200 5660 5766 1244279
2016/12/28:10:14:50 9400754094 7200 5659 5766 1244431
2016/12/28:12:14:51 9400754094 7200 5659 5766 1245330
2016/12/28:14:14:52 9400754094 7200 5658 5766 1246794
2016/12/28:17:14:47 9400754094 7200 5658 5766 1249776
2016/12/28:18:14:49 9400754094 7200 5658 5766 1249776
2016/12/28:22:14:38 9400754094 7200 5657 5766 1253626
2016/12/29:00:14:42 9400754094 7200 5656 5766 1256789
2016/12/29:01:14:39 9400754094 7200 5656 5766 1256789
2016/12/29:02:14:40 9400754094 7200 5656 5766 1258564
2016/12/29:04:14:50 9400754094 7200 5656 5766 1259560
2016/12/29:06:14:37 9400754094 7200 5656 5766 1260750
2016/12/29:08:14:45 9400754094 7200 5656 5766 1261117
2016/12/29:12:14:50 9400754094 7200 5654 5766 1262233
2016/12/29:15:14:56 9400754094 7200 5654 5766 1264551
2016/12/29:16:14:42 9400754094 7200 5653 5766 1264551
2016/12/29:17:14:45 9400754094 7200 5653 5766 1266183
2016/12/29:18:14:43 9400754094 7200 5652 5766 1267155
2016/12/29:19:14:37 9400754094 7200 5652 5766 1267155
2016/12/29:20:14:51 9400754094 7200 5652 5766 1268708
2016/12/29:22:14:44 9400754094 7200 5652 5773 1269811
2016/12/29:23:14:45 9400754094 7200 5652 5773 1271302
2016/12/30:00:14:37 9400754094 7200 5652 5773 1272423
2016/12/30:01:14:42 9400754094 7200 5652 5773 1272423
2016/12/30:02:14:43 9400754094 7200 5651 5773 1273989
2016/12/30:04:14:43 9400754094 7200 5650 5773 1274757
2016/12/30:05:14:35 9400754094 7200 5650 5773 1275398
2016/12/30:06:14:40 9400754094 7200 5650 5773 1275756
2016/12/30:08:14:46 9400754094 7200 5650 5773 1276016
2016/12/30:10:14:49 9400754094 7200 5650 5773 1276141
2016/12/30:11:14:39 9400754094 7200 5650 5773 1276579
2016/12/30:12:14:41 9400754094 7200 5650 5773 1277070
2016/12/30:13:14:33 9400754094 7200 5649 5773 1277070
2016/12/30:14:15:05 9400754094 7200 5649 5773 1278479
2016/12/30:17:14:46 9400754094 7200 5649 5773 1281338
2016/12/30:18:14:39 9400754094 7200 5648 5769 1282484
2016/12/30:19:14:55 9400754094 7200 5648 5769 1282484
2016/12/30:20:14:34 9400754094 7200 5648 5768 1284337
2016/12/30:21:14:40 9400754094 7200 5648 5768 1285504
2016/12/30:22:14:48 9400754094 7200 5648 5768 1285504
2016/12/30:23:14:38 9400754094 7200 5648 5768 1286992
2016/12/31:00:14:40 9400754094 7200 5647 5768 1287938
2016/12/31:01:14:38 9400754094 7200 5647 5768 1287938
2016/12/31:02:14:43 9400754094 7200 5646 5768 1289300
2016/12/31:03:14:36 9400754094 7200 5646 5768 1290005
2016/12/31:04:14:40 9400754094 7200 5646 5768 1290005
2016/12/31:05:14:38 9400754094 7200 5646 5768 1290586
2016/12/31:06:14:40 9400754094 7200 5646 5768 1290828
2016/12/31:07:14:46 9400754094 7200 5646 5768 1290828
2016/12/31:08:14:44 9400754094 7200 5646 5768 1291000
2016/12/31:10:14:43 9400754094 7200 5646 5768 1291120
2016/12/31:11:14:36 9400754094 7200 5646 5768 1291303
2016/12/31:12:14:41 9400754094 7200 5645 5768 1291685
2016/12/31:13:14:38 9400754094 7200 5645 5768 1291685
2016/12/31:14:14:37 9400754094 7200 5645 5768 1292719
2016/12/31:15:15:05 9400754094 7200 5645 5768 1293454
2016/12/31:17:14:45 9400754094 7200 5644 5768 1294807
2017/01/01:20:14:36 9400754094 7200 5639 5768 1307947
2017/01/01:22:14:39 9400754094 7200 5638 5768 1308965
2017/01/01:23:14:31 9400754094 7200 5638 5768 1310443
2017/01/02:00:14:47 9400754094 7200 5638 5768 1311350
2017/01/02:01:14:42 9400754094 7200 5638 5768 1311350
2017/01/02:02:14:43 9400754094 7200 5638 5768 1312700
2017/01/02:03:14:37 9400754094 7200 5638 5768 1313368
2017/01/02:04:14:46 9400754094 7200 5638 5768 1313368
2017/01/02:05:14:45 9400754094 7200 5638 5768 1313966
2017/01/02:06:14:38 9400754094 7200 5637 5768 1314258
2017/01/02:08:14:41 9400754094 7200 5637 5768 1314337
2017/01/02:09:14:43 9400754094 7200 5637 5768 1314338
2017/01/02:10:15:02 9400754094 7200 5637 5768 1314338
2017/01/02:11:14:49 9400754094 7200 5637 5768 1314585
2017/01/02:16:14:34 9400754094 7200 5636 5768 1316945
2017/01/02:17:14:32 9400754094 7200 5636 5768 1318513
2017/01/02:18:14:40 9400754094 7200 5635 5768 1319546
2017/01/02:19:14:44 9400754094 7200 5635 5768 1319546
2017/01/02:20:14:42 9400754094 7200 5635 5768 1321281
2017/01/29:12:13:20 9400754094 7200 5809 5791 1531399
2017/01/29:12:50:42 9400754094 7200 5809 5791 1531286
