file-id
B004FR4PN2
B004A8VRR8
B00345U3C8
B0087QSUII
B004FQYWYA
B003F2QITC
B000FLG8XC
B00H3Q1JYK
B004809ITC
B004A8TUEU
B0087QSTWK
B00K2W3XU0
B01N6EM598
B00K2W3XUK
B00K2W3XT6
B01F45IAD4
B00K2W3XXW
B0166OGA3Y
B00K2W3XRS
B00K2W3XTG
B0087QSVP0
0198596790
0521274249
0471198269
0521663962
0521701473
3319168738
0080999956
0071132104
0071289089
1259010287
047075012X
0387765719
038775377X
1107610214
1107653975
1107643260
0521171903
1107617529
0521679710
1292024089
0521679737
0582356911
0748743790
0412579200
0748744460
1292100311
1137031204
0470011890
0199562105
129202142X
0521575729
1860944353
0198525621
019956308X
0198709978
0131292935
0273717723
1111577749
1118083458
1118164997
1118319222
1292080736
9814636185
1446295788
0080966322
0486434850
1119967511
0123973082
0470662573
160086922X
9814595292
0582091934
1584884894
9810692617
1402059744
0198505914
052161855X
1780460155
0199653062
1444330624
0471915335
1584889705
1119975301
0521873428
052187341X
1107032865
019969933X
0521887054
0521672279
1446273474
0471496847
0198520743
3527412824
0199680779
0198527632
019859965X
0198506929
0198506961
019966286X
0521829518
047141526X
0123850304
0521782856
0521523397
052186920X
0199545464
1446207250
0199590273
0415628946
0415501733
1446200833
1446207862
1904380433
0273792024
0077161149
1292093420
0273787063
1446257339
0077127412
1843983575
1843983583
1843983184
0071476873
0071472487
0071754407
1292021578
080395767X
0521421888
1452257876
1446247376
1446256561
1473902495
1446295435
0470553057
0340967552
1444170112
1848720513
1292058919
1848724160
1405873930
1446249182
146411899X
0273764594
0273756877
0273751166
0230218032
0131298100
1841695408
0077121783
1405186526
0077119088
1593854560
0415629039
1583911529
158391112X
1849208034
1841198404
1446252531
184860095X
0415452376
0273731521
0273740393
0273745964
0273728598
027372861X
0199657998
1292097418
0273736280
0273783793
0077163885
1408093936
1408081709
1292080507
0273758837
0273785974
1408030497
0077126734
0230362893
1107661455
0077157508
0199586535
0273742973
0750669594
1856178188
041557742X
0080969534
0750664533
0273750755
0199583404
0273716867
027371662X
0273718452
1408064987
1292021179
1292095873
0618170286
1292000740
0273775057
0273774999
023054231X
0273735195
0335243835
1446295079
1609182278
1606232991
1137302429
0199685681
0230249604
0335247636
0230300170
0230250130
0230223435
1847870813
0749212659
0749213876
0414046072
0415659256
0414023250
0141030224
019929903X
0198729715
0199661480
0199693609
0198702264
0199659907
1137327464
1137015705
1137327537
1137481595
019870982X
0321200683
032154420X
0321127420
1491950358
0321601912
0321534468
0321967054
1780172990
0761973532
1849204780
1937785025
0857029142
1412997461
0202302601
0333649982
0702026018
0194371743
1898059519
1446249085
0761954325
0421960604
019437212X
0194541266
0195390814
140516901X
158391983X
0415170915
0761962980
1572308605
1593853823
184787911X
0857327623
085732764X
0857327658
019929609X
0521676568
0857324888
1473913977
1412946549
1849207461
0230242472
0335247180
0415817285
1119991951
019957202X
1848720890
1861563892
1107675960
1118773039
1405070633
1405064102
0230723217
1405853093
0230729843
0521712041
1473601150
0199691851
0199541299
0198708696
019964182X
019969740X
0199236178
0199543372
0199264635
1849733309
0854041273
1574447408
0596514921
1617379662
012220851X
0750644443
047137587X
0199608113
0538734183
0198556942
0198700962
0198700970
1482299186
0199688575
1292022930
0070016569
0521854717
1119065992
1107511224
0754618358
0070342849
0521550092
1843362260
0198570740
0521665523
007175024X
1843360705
1843360713
3540307656
1905204779
1461481325
1107600928
0124158455
110706144X
110709349X
3540765034
086542313X
0691082405
1107034736
9400754094
1891389823
3540341439
3319252933
3319152866
0199559511
0521517524
0521817471
1292026634
1107034264
0521864496
0521850827
0486670473
048660361X
3319134426
1461492351
1461478189
3540663770
0198766807
3642540821
1846284864
1852334266
1852339349
146147115X
1852334258
1852339861
0521535379
0470033347
0521516641
1405193816
1405141573
052114521X
0632052384
0471932434
0199254699
0521641128
0080966748
0631197036
0340939966
0340939958
1292065931
0273773275
0273755102
0415662850
0415662869
041566280X
0415662788
0415662826
1856177750
1138781576
9814595284
0080966748
0415502888
148410658X
1484120590
1594608350
1785940511
1780674872
0007513763
1841215651
1780673353
1473620910
1628600837
0241235960
0872202321
0192802828
0674017722
0198752539
006124189X
1118821157
142212312X
0521861020
0071133380
0534928803
1904842682
1118441087
1138781576
0300192207
0306450364
1107641608
1107465494
0521287960
0465024939
0465024947
0465025013
0465060714
0415602602
0071311211
3642089941
0582045665
082479138X
052140598X
1107053749
023057663X
0071004998
0582256291
0387384383
0071311114
0071325115
1118501004
0471304603
1853396451
0865714843
0865716382
0199545332
0199592373
1907670459
0471498823
3642425305
0415584388
0419253300
1118653696
1596937181
0072432020
0077624777
3540723722
1292026022
0071422943
0521871212
110708735X
0801885140
0199673497
0199573379
0198505892
0198507569
0198506449
1107666910
0521429692
019968166X
0199532419
0199681651
0199699321
0521670543
0521670535
0521670551
0521114381
0521357527
0521633036
1107406099
3527410589
1107080088
1107010349
0198501552
1107050405
0306448440
0198748566
184872005X
1848720041
0262531585
1573310581
0262028700
0691151849
0199581142
0691139911
0199838720
0071827692
0071481273
0521421241
0199645817
0323045707
1118312716
0750644451
0080180906
0470556269
0470616296
1118431227
0130863459
013028002X
0071819800
1844071472
0691161291
052161323X
3540047581
0387401016
144192311X
0071389970
0470013222
0471152803
0321369440
1848161964
184816775X
0821891383
1470417014
1470409046
9814578541
9814578533
9814578509
0393117510
0273754602
0273766333
0199567085
111152551X
0077121775
0486479390
9814271144
9812839496
0387951512
0340610441
034061045X
1292039329
047050577X
1292024925
0262533057
0262033844
0984782850
1848000693
1479274836
1491903996
